100 30
sp1 1 1 1 1 1 1 1 1 1 1 1 1 1 1 1 1 1 1 1 1 1 1 1 1 1 1 1 1 1 1
sp2 1 1 1 1 1 1 1 1 1 1 1 1 1 1 1 1 1 1 1 1 1 1 1 1 1 1 1 1 1 1
sp3 1 1 1 1 1 1 1 1 1 1 1 1 1 1 1 1 1 1 1 1 1 1 1 1 1 1 1 1 1 1
sp4 1 1 1 1 1 1 1 1 1 1 1 1 1 1 1 1 1 1 1 1 1 1 1 1 1 1 1 1 1 1
sp5 1 1 1 1 1 1 1 1 1 1 1 1 1 1 1 1 1 1 1 1 1 1 1 0 1 1 1 1 1 1
sp6 1 1 1 1 1 1 1 1 1 1 1 0 1 1 1 1 1 1 1 1 1 1 1 1 1 1 1 0 1 1
sp7 1 1 1 1 1 1 1 1 1 1 1 1 1 1 1 1 1 1 1 1 1 1 1 1 1 1 1 1 0 1
sp8 1 1 1 1 1 1 1 1 1 1 1 1 1 0 1 1 1 1 1 1 1 1 1 1 1 1 0 1 1 1
sp9 1 1 1 1 1 1 1 1 1 1 1 1 1 1 1 1 1 1 1 1 1 0 1 1 1 1 1 1 1 1
sp10 1 1 1 1 1 0 0 1 1 1 1 1 1 1 1 1 1 1 1 0 1 1 1 1 1 1 1 1 1 1
sp11 0 1 1 1 1 1 1 1 1 1 1 1 1 1 1 0 1 1 1 1 1 1 1 1 1 1 1 1 1 0
sp12 1 1 1 1 1 1 1 1 1 1 1 1 1 1 1 1 0 1 1 1 1 1 1 1 1 1 1 1 1 1
sp13 1 0 1 1 1 1 1 1 1 1 1 1 1 0 1 1 1 1 1 1 0 1 1 1 1 1 1 1 1 1
sp14 1 1 1 1 1 1 1 1 1 1 1 1 1 1 1 1 1 0 1 1 1 1 1 1 1 1 1 1 1 1
sp15 1 1 1 1 0 1 1 1 1 1 1 1 1 0 1 1 1 0 0 1 1 1 1 1 1 1 1 1 1 1
sp16 1 1 1 1 1 1 1 1 1 1 1 1 1 1 1 1 1 1 1 1 1 1 0 1 1 1 1 1 1 1
sp17 1 1 1 1 0 1 1 1 1 1 0 1 1 0 0 1 1 1 1 1 1 1 1 1 1 1 1 1 1 1
sp18 1 1 1 0 1 1 1 1 1 0 0 1 1 1 1 1 1 1 1 1 1 1 1 1 1 1 1 1 1 1
sp19 1 1 1 1 1 1 1 1 1 1 1 1 0 1 1 0 1 1 1 1 1 1 1 1 1 1 1 1 1 1
sp20 1 1 1 1 1 1 1 1 0 1 1 1 0 1 1 1 1 1 1 1 0 1 1 1 1 1 1 1 1 1
sp21 1 1 1 1 1 1 1 1 1 1 1 1 1 1 1 1 1 0 0 1 1 1 1 1 1 1 1 1 1 1
sp22 1 1 1 1 1 1 1 1 0 1 1 1 1 1 1 1 1 1 1 1 1 1 1 1 1 1 1 1 1 1
sp23 1 0 1 1 1 1 1 1 1 1 1 1 1 1 1 1 1 1 1 1 1 1 1 1 1 1 1 1 1 1
sp24 1 1 1 1 1 1 1 1 1 1 1 1 0 1 1 1 0 1 1 1 1 1 1 1 1 1 1 1 1 1
sp25 1 1 1 1 1 1 1 1 1 1 1 1 1 1 1 1 1 1 1 1 0 1 1 1 1 1 1 1 1 1
sp26 1 1 0 1 1 1 1 1 1 1 1 1 1 1 1 1 1 1 1 1 1 1 1 1 1 1 1 1 1 0
sp27 1 1 1 1 1 1 1 1 1 1 1 1 1 1 1 1 1 1 1 1 1 1 1 1 1 1 1 1 1 1
sp28 1 1 1 1 1 1 1 1 1 1 1 0 0 1 0 0 1 1 1 1 1 1 1 1 0 1 1 1 1 1
sp29 1 1 1 1 1 1 1 1 1 1 1 1 1 1 1 1 1 1 1 1 1 1 1 1 1 1 1 1 1 1
sp30 1 1 1 1 1 1 1 1 1 0 1 1 1 1 1 1 1 1 1 1 0 1 1 1 1 1 0 1 1 1
sp31 1 0 0 1 1 0 1 1 1 1 1 1 1 1 1 1 0 1 1 1 1 1 1 1 1 1 1 1 1 1
sp32 1 1 1 1 1 1 1 1 1 1 0 1 1 1 1 1 1 1 1 1 1 1 1 1 1 1 1 1 1 1
sp33 1 1 0 1 1 1 1 1 1 1 1 1 1 1 1 1 1 1 1 1 1 0 1 1 1 1 1 1 1 1
sp34 1 1 1 1 1 0 0 1 1 1 1 1 1 1 1 1 1 1 0 1 1 1 1 1 1 1 1 1 1 1
sp35 1 1 0 1 1 1 1 1 0 1 1 1 1 1 0 1 1 1 1 1 1 1 0 1 0 1 1 1 1 1
sp36 1 1 1 1 1 1 1 1 1 1 1 1 1 1 1 1 1 1 1 1 1 0 1 1 1 1 1 1 1 1
sp37 1 1 1 1 1 1 1 1 1 1 1 1 1 1 1 1 1 1 1 1 0 1 1 1 1 1 0 1 1 1
sp38 1 1 1 1 1 1 1 1 1 1 1 1 1 1 1 1 1 1 1 1 1 1 1 1 1 0 1 1 1 1
sp39 1 1 1 1 1 1 1 1 1 1 1 1 1 1 1 1 1 1 1 1 1 1 1 1 1 1 1 1 1 1
sp40 1 1 1 1 1 1 1 1 1 1 1 1 1 1 0 1 1 1 1 1 1 1 1 1 1 1 1 1 1 1
sp41 0 0 1 0 1 1 0 0 1 1 1 1 1 0 1 0 1 1 1 0 1 1 1 0 1 1 1 0 0 0
sp42 1 1 1 1 0 1 1 1 0 1 1 1 0 1 0 0 1 1 0 1 1 0 1 1 1 1 1 1 1 0
sp43 0 1 1 1 1 0 0 1 0 0 1 0 1 1 0 1 1 0 0 1 1 1 0 0 1 1 1 1 0 0
sp44 0 0 1 0 0 0 0 0 1 0 1 1 0 1 1 1 1 1 1 0 1 0 1 0 1 0 1 0 0 0
sp45 1 1 1 0 1 1 1 0 1 0 0 0 1 1 1 1 0 0 0 0 1 1 1 0 1 1 1 0 0 1
sp46 1 0 0 0 1 0 0 0 0 0 0 1 1 0 1 1 1 1 1 1 0 0 0 1 0 0 0 1 1 1
sp47 1 0 0 1 1 0 1 1 1 1 0 1 1 0 1 1 1 1 1 0 1 0 1 0 1 0 1 0 1 1
sp48 1 1 1 1 1 0 0 0 1 0 0 0 1 0 0 0 0 1 1 0 0 0 1 1 0 1 0 1 1 0
sp49 1 1 0 0 1 1 0 1 1 0 0 1 1 1 0 1 0 1 1 0 1 1 0 1 0 1 0 0 0 1
sp50 1 0 1 1 1 1 0 0 0 1 0 1 0 1 0 0 1 0 1 1 0 0 0 1 1 0 1 1 1 1
sp51 0 1 1 1 1 1 1 0 1 0 1 1 0 1 0 0 1 1 0 1 1 0 0 1 0 0 0 1 1 1
sp52 0 1 0 0 0 0 1 0 1 0 0 1 1 0 1 1 0 0 1 0 0 0 0 0 1 0 0 1 1 1
sp53 0 1 1 1 1 1 1 0 1 1 0 1 1 0 0 0 1 1 0 1 0 1 0 0 0 1 1 0 1 0
sp54 1 0 0 0 0 1 0 0 1 1 0 0 0 0 1 0 1 0 1 1 1 0 1 0 0 1 0 0 1 0
sp55 0 0 1 0 0 0 0 1 0 1 0 1 1 1 1 0 1 0 1 0 1 0 0 0 0 1 0 1 0 1
sp56 0 0 0 0 1 0 1 1 0 1 0 0 1 0 1 0 0 1 1 1 1 1 0 0 0 0 1 1 1 0
sp57 1 1 0 1 1 0 1 1 1 1 0 0 1 1 1 1 0 1 0 0 1 0 1 1 1 0 0 0 0 0
sp58 0 1 1 0 1 0 0 0 0 0 1 0 1 1 0 1 1 0 1 0 0 0 1 1 1 1 1 0 0 1
sp59 0 0 1 0 1 1 1 1 1 1 1 0 0 0 1 1 0 1 0 1 1 1 1 1 0 1 1 0 0 1
sp60 1 1 1 1 0 1 1 1 0 0 0 0 0 1 1 0 1 1 0 1 0 0 1 1 0 1 1 0 0 1
sp61 1 1 0 1 1 1 1 0 1 1 1 0 1 1 1 1 1 1 0 0 0 1 1 0 0 0 1 1 1 0
sp62 1 0 0 0 0 1 1 1 0 1 1 0 1 1 1 1 0 1 0 1 1 0 0 1 0 1 0 0 1 1
sp63 0 0 0 1 0 0 1 1 1 1 1 0 1 1 1 0 1 1 0 1 0 1 0 1 1 0 0 1 1 0
sp64 0 1 0 0 1 1 0 1 1 1 0 1 0 0 1 0 1 0 1 0 1 1 0 0 1 1 1 1 0 0
sp65 0 0 0 1 0 1 0 1 0 0 0 0 1 1 1 0 0 0 0 1 1 1 0 0 0 0 0 0 1 1
sp66 1 1 1 0 1 1 1 0 1 0 1 0 0 1 1 0 1 0 1 0 0 1 0 1 1 1 0 1 0 1
sp67 1 1 1 1 0 1 1 0 0 0 0 1 0 1 1 1 0 1 0 1 1 1 1 0 0 1 1 0 1 1
sp68 0 1 0 0 0 1 1 1 1 1 1 0 1 0 0 1 1 1 0 1 1 1 0 1 1 0 1 0 0 0
sp69 1 1 0 0 1 1 0 0 0 0 1 1 1 0 1 1 1 1 0 0 1 0 1 1 1 0 0 1 0 1
sp70 1 1 1 0 1 0 0 0 0 0 1 1 0 1 1 1 1 1 1 1 1 0 1 1 0 0 0 0 0 1
sp71 1 1 0 1 0 1 0 1 1 1 1 0 1 1 0 1 1 0 1 1 0 1 0 0 0 0 1 1 1 1
sp72 1 0 1 1 1 0 1 0 1 0 0 1 1 1 0 0 0 0 0 1 1 1 0 0 1 0 0 0 0 0
sp73 1 0 0 1 0 0 1 1 1 0 1 1 0 1 1 1 1 0 1 0 0 1 1 1 0 0 1 1 1 1
sp74 0 0 1 1 0 0 0 0 0 1 1 1 0 0 1 1 1 0 1 1 0 0 0 0 1 1 1 1 0 0
sp75 0 0 1 1 0 0 1 1 0 0 0 1 1 1 1 1 1 0 0 1 0 0 0 0 1 1 1 1 1 0
sp76 1 1 0 0 0 0 0 1 1 1 1 0 0 0 0 1 0 1 1 1 0 1 1 1 0 1 1 0 1 1
sp77 1 1 1 0 1 1 1 0 1 1 1 0 0 0 0 1 1 1 0 1 1 0 1 1 1 0 0 0 1 0
sp78 0 1 1 0 1 0 0 0 1 1 1 0 1 0 0 1 0 1 1 0 0 1 1 0 0 1 0 0 0 1
sp79 1 1 1 1 0 1 0 1 0 0 1 1 1 1 0 1 0 0 1 0 1 1 1 0 1 0 0 0 1 0
sp80 0 0 1 0 0 1 0 0 1 1 0 0 0 1 1 1 0 1 1 1 0 0 0 1 1 0 0 1 0 1
sp81 0 1 1 1 0 0 0 1 1 1 0 1 1 0 0 0 0 0 1 0 1 1 0 1 1 1 1 0 1 1
sp82 0 0 0 1 1 1 1 1 1 1 1 0 0 1 1 0 1 1 1 0 0 1 0 1 1 0 0 0 1 1
sp83 1 0 1 0 0 1 1 1 0 0 1 1 0 0 0 1 1 1 0 0 1 0 0 0 0 1 1 1 1 0
sp84 1 0 1 0 0 0 1 0 1 1 1 0 0 0 0 0 1 0 0 0 0 1 1 1 0 1 0 0 1 0
sp85 0 1 1 1 0 1 0 0 1 0 0 0 0 1 0 0 0 0 1 0 0 1 1 0 1 0 1 0 1 0
sp86 1 0 1 1 1 1 0 1 0 1 1 0 0 0 1 1 0 1 1 1 1 1 1 1 0 0 0 1 0 1
sp87 1 1 1 1 0 1 1 1 1 1 1 1 0 1 1 0 0 0 1 1 1 0 0 0 1 0 1 1 0 0
sp88 0 0 0 1 0 0 0 0 0 1 1 1 1 1 1 0 1 0 0 0 0 1 1 1 1 1 0 0 1 0
sp89 1 1 1 1 0 0 1 0 0 0 0 0 1 0 1 0 0 1 0 1 0 0 0 0 1 1 1 0 0 1
sp90 0 1 0 0 1 1 0 1 0 0 0 1 1 1 0 1 1 0 1 0 1 1 0 1 0 1 1 1 0 0
sp91 0 0 1 1 0 0 1 0 0 0 1 0 0 0 1 0 0 1 1 1 1 0 1 1 1 1 0 0 1 0
sp92 1 0 0 1 1 1 0 0 1 0 1 1 1 0 0 0 0 1 1 1 1 1 0 1 0 1 1 1 0 0
sp93 1 1 1 0 1 0 1 1 1 1 0 0 1 1 0 1 0 0 1 0 0 0 1 1 1 0 0 0 0 1
sp94 0 1 1 1 1 0 1 0 0 1 0 1 1 0 0 1 1 1 1 1 1 0 1 0 1 0 1 1 0 1
sp95 0 0 1 0 1 1 1 1 0 0 1 1 0 0 1 1 0 1 0 0 1 1 1 0 0 0 1 1 1 1
sp96 1 1 0 0 0 0 1 1 1 0 1 1 1 1 1 0 0 1 0 0 0 0 1 1 0 0 1 1 1 1
sp97 0 1 0 0 1 1 1 0 0 1 1 1 0 0 0 0 0 0 1 0 1 1 0 1 1 1 0 1 1 0
sp98 0 1 0 1 1 1 1 1 0 1 0 0 1 1 0 1 1 0 0 1 0 1 1 0 1 1 1 1 0 1
sp99 1 0 0 0 0 0 0 1 1 1 1 1 0 1 0 1 0 0 0 0 1 1 1 0 0 0 0 1 0 0
sp100 0 0 0 1 1 1 0 0 0 0 0 1 1 1 1 0 1 0 0 1 1 1 1 0 0 1 1 1 0 1
