100 10
sp1 0 1 0 1 1 1 1 1 1 1
sp2 1 1 1 1 1 0 1 1 1 1
sp3 1 1 1 0 1 1 1 1 1 1
sp4 1 1 1 1 1 1 1 1 1 0
sp5 1 1 1 1 1 0 1 1 1 1
sp6 0 1 1 1 1 1 1 1 1 1
sp7 0 1 1 1 1 1 1 1 1 1
sp8 0 1 1 1 1 1 1 1 1 1
sp9 1 1 1 1 0 1 1 1 1 1
sp10 1 1 1 1 1 1 0 1 1 1
sp11 1 0 1 1 1 1 0 1 0 1
sp12 1 1 1 1 0 1 1 0 1 0
sp13 0 1 1 1 1 0 0 1 1 1
sp14 1 1 0 1 1 1 0 1 1 1
sp15 1 0 1 0 1 1 1 1 1 1
sp16 1 0 0 1 1 1 0 1 1 1
sp17 0 1 0 1 1 0 0 1 0 1
sp18 1 0 1 1 1 1 1 1 1 1
sp19 1 1 1 1 0 0 1 0 1 0
sp20 1 0 1 1 1 1 0 1 1 1
sp21 0 1 1 1 1 1 1 0 1 0
sp22 0 1 1 0 1 1 1 1 1 1
sp23 0 1 1 1 1 1 0 1 1 1
sp24 1 1 0 1 1 0 1 1 0 0
sp25 1 1 0 1 1 0 1 1 1 1
sp26 1 1 1 1 0 1 1 1 1 0
sp27 1 1 1 1 1 1 1 0 1 1
sp28 1 1 1 1 1 0 1 1 1 1
sp29 1 0 1 1 1 0 1 1 0 1
sp30 1 1 1 1 1 1 0 1 1 1
sp31 0 1 1 0 0 1 1 1 1 1
sp32 0 1 1 1 1 1 1 1 0 0
sp33 1 0 1 1 1 1 1 1 1 0
sp34 1 1 1 1 0 1 0 1 1 1
sp35 1 1 0 1 1 0 1 1 1 1
sp36 1 1 1 0 1 1 0 1 1 1
sp37 1 1 0 1 1 1 0 1 1 1
sp38 1 1 1 0 1 0 1 0 1 0
sp39 1 0 1 1 0 1 0 0 0 1
sp40 0 1 1 1 0 1 1 1 1 1
sp41 1 1 1 1 0 0 1 0 1 0
sp42 1 1 1 1 1 1 0 1 1 1
sp43 1 1 1 0 1 1 1 1 1 0
sp44 1 1 1 0 1 1 1 1 1 0
sp45 1 1 1 1 1 1 1 1 1 0
sp46 1 1 1 0 1 1 1 1 0 1
sp47 1 1 0 0 1 1 1 1 1 1
sp48 1 1 1 0 0 1 1 1 1 1
sp49 0 1 1 1 1 0 1 1 1 1
sp50 1 1 1 1 0 1 1 1 1 1
sp51 1 0 1 0 1 1 1 0 1 0
sp52 1 0 0 0 1 0 1 1 1 1
sp53 1 1 0 1 1 1 1 1 1 1
sp54 1 1 1 0 1 0 1 0 1 0
sp55 1 1 0 1 0 1 0 0 0 0
sp56 1 1 1 1 0 0 1 0 1 1
sp57 1 1 1 1 0 1 1 1 1 1
sp58 0 0 0 0 1 1 1 0 0 1
sp59 1 0 1 1 0 0 0 0 0 1
sp60 1 1 1 1 0 0 1 1 0 1
sp61 0 1 0 1 1 1 1 1 0 1
sp62 1 1 0 1 1 1 0 1 0 1
sp63 0 1 1 1 0 1 1 0 1 1
sp64 1 0 1 0 1 1 0 1 1 1
sp65 0 1 1 0 0 1 1 1 0 1
sp66 0 0 1 0 1 0 0 0 0 1
sp67 1 0 0 0 1 1 0 0 0 0
sp68 1 1 1 1 0 0 0 1 1 1
sp69 1 0 1 1 1 1 1 0 0 1
sp70 0 1 0 1 1 1 1 1 1 0
sp71 0 1 0 0 0 1 0 0 0 1
sp72 0 1 0 1 0 0 1 0 1 1
sp73 0 0 1 1 1 1 1 1 1 1
sp74 1 1 0 1 1 0 0 1 1 1
sp75 0 0 1 1 1 1 0 1 0 0
sp76 0 0 1 1 1 0 1 0 0 1
sp77 0 1 1 0 1 1 0 0 1 0
sp78 1 1 0 1 1 0 0 0 1 0
sp79 1 0 0 0 1 1 0 1 1 1
sp80 1 1 1 0 0 1 1 0 1 0
sp81 1 0 1 0 0 0 1 0 1 1
sp82 1 0 1 1 1 1 1 1 0 1
sp83 1 1 1 0 0 1 1 1 1 0
sp84 1 0 0 1 1 1 1 0 1 1
sp85 1 1 0 1 1 1 1 1 1 1
sp86 0 1 0 0 1 1 1 1 0 1
sp87 1 1 0 0 1 0 1 1 0 1
sp88 1 0 0 1 1 1 1 1 0 0
sp89 0 0 0 1 1 1 0 1 0 0
sp90 1 1 1 0 0 0 0 0 0 1
sp91 1 1 1 0 0 0 1 0 0 1
sp92 1 1 1 1 1 1 1 0 0 0
sp93 0 0 0 1 1 1 1 0 1 0
sp94 1 1 1 1 0 1 1 1 1 0
sp95 1 1 1 0 1 1 1 0 0 1
sp96 0 0 0 1 0 1 1 1 1 1
sp97 1 1 1 1 1 1 1 1 1 0
sp98 0 0 1 1 0 0 1 1 1 1
sp99 1 0 1 1 0 0 0 1 1 1
sp100 1 0 1 1 1 1 1 1 0 0
