100 10
sp1 1 0 1 1 1 1 0 1 1 0
sp2 1 0 1 1 1 0 1 0 1 1
sp3 1 1 0 0 1 1 1 1 1 0
sp4 1 0 1 1 1 0 1 1 1 0
sp5 1 1 1 1 1 1 0 0 1 0
sp6 1 0 1 1 0 1 0 1 1 1
sp7 1 1 0 1 0 1 1 1 0 1
sp8 1 0 1 0 1 0 1 1 1 1
sp9 0 0 1 1 0 1 1 1 1 1
sp10 1 1 1 1 1 1 0 0 0 1
sp11 1 0 1 1 1 0 1 1 0 1
sp12 1 1 1 1 0 0 1 0 1 1
sp13 1 0 1 1 1 1 0 1 0 1
sp14 1 0 1 0 1 1 1 0 1 1
sp15 1 1 1 1 0 1 1 0 0 1
sp16 1 0 1 1 1 1 1 0 0 1
sp17 0 1 0 1 0 1 1 1 1 1
sp18 1 1 1 1 0 1 0 0 1 1
sp19 1 0 1 0 1 1 1 0 1 1
sp20 0 1 1 1 1 1 0 1 0 1
sp21 1 1 1 0 0 1 1 1 1 0
sp22 1 0 1 1 1 1 1 0 1 0
sp23 1 1 0 1 1 1 0 1 0 1
sp24 0 1 1 1 1 1 0 1 0 1
sp25 0 0 1 1 0 1 1 1 1 1
sp26 0 1 0 1 1 1 1 1 1 0
sp27 0 1 0 1 1 1 1 1 0 1
sp28 1 1 1 0 1 1 1 0 1 0
sp29 1 1 1 1 1 0 0 1 1 0
sp30 0 1 1 1 1 1 0 1 1 0
sp31 1 0 1 0 1 1 1 1 1 0
sp32 1 1 0 1 1 1 0 1 0 1
sp33 1 1 0 1 1 1 1 1 0 0
sp34 1 1 1 1 1 1 0 1 0 0
sp35 1 1 1 0 1 1 1 1 0 0
sp36 0 0 1 1 1 1 0 1 1 1
sp37 0 0 1 1 0 1 1 1 1 1
sp38 1 1 0 0 1 1 0 1 1 1
sp39 1 1 1 1 1 0 1 0 1 0
sp40 1 0 0 1 1 1 1 1 0 1
sp41 1 0 1 0 0 1 1 1 1 1
sp42 1 1 0 1 1 1 1 0 0 1
sp43 1 1 1 0 1 1 1 0 1 0
sp44 1 1 1 0 1 0 1 1 1 0
sp45 1 1 1 1 0 0 0 1 1 1
sp46 1 1 1 1 0 0 0 1 1 1
sp47 0 1 1 1 1 1 1 0 1 0
sp48 1 0 1 1 0 1 1 1 1 0
sp49 1 0 0 1 1 1 1 1 0 1
sp50 1 1 1 0 0 0 1 1 1 1
sp51 0 1 1 1 0 1 1 1 0 1
sp52 1 1 1 1 1 0 1 1 0 0
sp53 1 1 0 0 1 0 1 1 1 1
sp54 0 1 0 1 1 1 1 1 0 1
sp55 1 0 0 0 1 1 1 1 1 1
sp56 1 1 1 0 1 1 1 0 0 1
sp57 1 1 0 1 0 0 1 1 1 1
sp58 1 1 1 1 1 0 0 1 0 1
sp59 1 1 1 0 1 1 0 1 0 1
sp60 0 1 1 1 0 0 1 1 1 1
sp61 0 1 1 1 1 1 1 0 1 0
sp62 1 1 1 1 1 0 1 1 0 0
sp63 0 1 0 1 1 1 1 1 1 0
sp64 1 1 0 1 1 0 1 0 1 1
sp65 1 1 1 1 0 1 0 1 1 0
sp66 1 1 1 1 1 0 1 0 0 1
sp67 1 1 1 1 1 1 1 0 0 0
sp68 1 0 1 1 0 1 1 1 0 1
sp69 1 1 1 0 0 0 1 1 1 1
sp70 1 0 1 0 0 1 1 1 1 1
sp71 1 1 1 0 0 1 1 1 1 0
sp72 0 1 1 1 1 1 1 0 0 1
sp73 1 1 0 1 1 1 1 0 1 0
sp74 1 0 0 1 1 1 1 0 1 1
sp75 0 0 1 1 1 1 1 1 1 0
sp76 1 1 0 1 0 1 1 0 1 1
sp77 1 1 0 1 1 0 0 1 1 1
sp78 1 1 0 1 1 0 1 0 1 1
sp79 0 1 1 0 0 1 1 1 1 1
sp80 1 0 1 1 1 1 1 1 0 0
sp81 1 0 1 0 1 1 1 0 1 1
sp82 1 1 0 1 1 0 1 1 0 1
sp83 1 1 1 0 0 1 1 0 1 1
sp84 1 0 0 1 1 1 1 1 0 1
sp85 0 0 1 1 1 1 1 0 1 1
sp86 1 1 1 0 0 1 1 1 0 1
sp87 0 1 1 1 1 1 0 0 1 1
sp88 1 0 1 1 1 0 1 1 1 0
sp89 0 1 1 1 1 1 1 0 0 1
sp90 0 1 1 1 0 1 1 1 1 0
sp91 0 1 1 0 1 0 1 1 1 1
sp92 1 0 1 1 0 1 1 0 1 1
sp93 1 0 1 1 1 1 0 1 1 0
sp94 0 1 0 1 1 1 1 1 0 1
sp95 1 1 0 0 1 1 1 1 0 1
sp96 1 0 0 1 1 0 1 1 1 1
sp97 1 1 1 1 0 0 0 1 1 1
sp98 0 1 1 1 0 1 0 1 1 1
sp99 0 1 0 1 1 0 1 1 1 1
sp100 0 1 0 1 1 1 1 0 1 1
