100 30
sp1 1 1 1 1 0 1 0 1 0 1 1 0 0 0 0 0 1 1 1 1 0 1 0 0 1 0 1 0 0 0
sp2 1 0 1 1 0 1 0 1 0 1 1 1 0 1 1 1 1 1 0 0 0 0 1 0 1 0 0 0 0 0
sp3 1 1 1 1 1 1 1 1 1 0 0 1 1 0 0 0 1 1 0 1 0 0 1 0 0 0 0 0 0 0
sp4 1 1 0 1 1 0 1 0 1 1 1 0 0 1 0 0 1 1 1 0 1 0 0 0 1 0 1 0 0 0
sp5 1 0 1 0 1 0 1 1 0 1 1 0 0 0 0 1 0 1 1 1 1 0 0 1 1 0 0 0 0 1
sp6 1 1 0 1 1 0 1 0 1 1 0 1 1 0 0 1 1 0 0 1 1 0 1 0 0 1 0 0 0 0
sp7 1 0 0 0 1 1 1 1 1 1 0 0 0 1 1 0 0 1 1 1 1 0 0 0 1 0 0 1 0 0
sp8 1 1 1 1 1 1 0 0 0 0 1 1 0 0 1 1 1 0 0 1 1 0 0 0 1 1 0 0 0 0
sp9 1 1 0 1 0 1 1 1 1 0 0 1 1 1 1 1 0 0 0 1 0 1 0 1 0 0 0 0 0 0
sp10 1 1 0 1 1 1 1 1 0 0 0 0 0 1 0 1 0 0 1 1 1 1 0 0 1 0 0 0 1 0
sp11 0 1 1 1 1 0 0 0 1 0 1 0 0 0 0 1 1 0 0 1 1 1 1 0 1 0 1 0 1 0
sp12 0 1 1 0 1 0 1 1 0 0 1 1 1 0 1 0 1 1 0 1 1 1 0 0 0 0 0 1 0 0
sp13 1 1 0 0 1 1 0 1 1 0 0 0 0 1 0 1 1 1 0 1 1 1 1 0 0 1 0 0 0 0
sp14 1 0 1 1 0 1 0 1 1 0 0 0 0 1 1 1 0 0 0 0 0 1 1 0 1 1 1 0 1 0
sp15 1 1 1 0 0 1 1 1 1 0 0 1 0 0 0 1 1 0 0 1 0 0 0 0 0 0 1 1 1 1
sp16 0 1 1 1 0 1 1 0 0 1 1 1 0 1 1 1 0 1 1 1 0 0 0 1 0 0 0 0 0 0
sp17 1 1 0 1 0 1 1 0 0 1 0 0 0 1 0 1 0 1 1 0 0 1 0 0 1 0 1 1 0 1
sp18 0 1 0 1 1 1 1 1 0 0 1 1 1 0 1 0 1 1 1 1 0 0 0 1 0 0 0 0 0 0
sp19 1 1 1 1 0 1 1 0 0 1 0 0 1 0 1 1 1 0 1 0 1 0 0 1 0 0 0 1 0 0
sp20 0 1 0 1 1 1 1 1 1 0 0 0 1 1 0 0 1 0 0 0 1 1 0 1 0 1 1 0 0 0
sp21 1 1 1 1 0 1 1 0 0 0 0 1 0 1 1 1 1 0 1 0 1 0 0 0 0 1 1 0 0 0
sp22 1 1 1 0 1 1 0 1 0 1 1 1 1 0 0 1 0 0 0 0 1 1 1 0 0 0 0 0 1 0
sp23 1 1 1 0 0 0 0 1 1 0 0 1 1 0 0 0 1 1 1 1 1 1 0 0 0 0 0 1 0 1
sp24 0 1 0 1 1 1 0 1 1 0 0 1 1 1 1 1 1 1 0 0 1 0 0 1 0 0 0 0 0 0
sp25 0 1 1 0 0 1 0 1 1 1 1 1 1 0 1 0 0 1 0 1 1 0 0 0 1 1 0 0 0 0
sp26 0 0 1 1 1 1 1 1 1 1 1 0 0 1 0 0 1 0 1 1 0 1 0 0 0 1 0 0 0 0
sp27 1 1 1 1 1 1 1 0 0 1 0 0 1 1 1 1 0 1 0 0 0 0 1 0 0 0 1 0 0 0
sp28 0 1 0 0 1 0 0 0 1 0 1 0 1 0 1 1 1 0 0 1 1 1 1 1 1 0 1 0 0 0
sp29 1 0 0 0 1 1 1 1 1 1 0 1 1 0 1 0 0 0 1 0 1 0 0 1 0 0 0 1 0 1
sp30 1 1 0 0 1 0 1 0 0 1 1 0 0 0 1 1 0 1 1 1 1 1 0 0 1 0 0 0 1 0
sp31 0 0 0 0 1 1 1 1 0 1 1 0 1 0 1 1 0 1 1 1 0 1 0 1 0 0 1 0 0 0
sp32 1 0 1 1 0 1 1 1 0 1 1 0 0 0 1 0 0 1 0 1 0 0 1 1 0 0 1 1 0 0
sp33 1 0 1 1 0 0 1 1 0 1 1 0 0 0 1 1 1 1 0 1 1 0 0 0 0 1 0 1 0 0
sp34 1 1 1 1 1 1 1 1 1 0 1 0 0 1 1 1 0 0 1 0 0 0 0 1 0 0 0 0 0 0
sp35 1 1 0 1 1 1 0 1 1 0 0 1 0 1 1 0 0 1 0 0 0 0 1 1 1 0 1 0 0 0
sp36 1 0 1 0 1 1 1 1 0 0 1 1 1 0 0 1 1 0 0 1 1 0 1 1 0 0 0 0 0 0
sp37 1 1 1 1 0 1 1 1 0 0 1 0 1 0 0 0 1 1 1 0 1 1 1 0 0 0 0 0 0 0
sp38 1 1 0 0 1 1 1 1 0 1 0 0 1 1 0 1 1 1 1 0 1 0 0 0 0 0 0 1 0 0
sp39 0 0 0 1 1 0 1 1 0 1 1 0 0 0 1 1 1 1 1 1 1 0 1 0 1 0 0 0 0 0
sp40 0 0 1 1 0 1 0 1 0 1 1 1 0 0 1 0 0 1 0 1 0 1 0 1 1 1 0 1 0 0
sp41 1 0 1 0 1 1 1 1 1 0 1 1 1 1 0 1 1 0 1 0 0 0 0 0 0 0 0 1 0 0
sp42 1 1 1 1 1 0 1 1 0 0 0 1 0 1 0 1 0 0 0 0 1 0 0 1 0 0 1 1 0 1
sp43 1 1 0 1 1 1 1 1 0 1 0 0 0 1 0 0 1 1 1 0 0 0 0 0 0 0 1 1 1 0
sp44 1 1 1 1 1 0 1 1 1 1 0 1 0 0 1 0 0 0 0 0 1 1 1 0 0 1 0 0 0 0
sp45 1 0 1 1 1 1 1 1 1 0 0 0 0 0 1 1 0 1 0 0 1 0 0 0 0 0 1 0 1 1
sp46 1 1 1 0 0 0 0 1 1 0 1 1 1 0 0 0 1 0 0 1 1 1 0 0 0 1 1 0 0 1
sp47 0 0 0 1 1 0 1 1 1 0 0 1 0 1 0 0 0 1 1 1 0 1 0 0 1 0 1 1 1 0
sp48 1 0 0 1 1 0 1 1 1 0 1 1 1 0 0 1 1 0 0 1 1 1 0 1 0 0 0 0 0 0
sp49 0 1 1 1 1 1 1 1 0 0 0 0 0 1 1 1 0 1 0 0 1 0 0 1 0 0 1 0 0 1
sp50 0 1 0 1 1 0 0 0 1 1 1 1 0 0 1 1 1 1 0 0 1 1 0 0 0 1 1 0 0 0
sp51 0 1 1 0 0 1 1 1 1 0 0 0 0 0 1 1 0 0 1 0 1 1 0 0 1 0 0 1 1 1
sp52 1 1 1 1 1 0 1 1 1 0 0 0 0 0 1 1 1 0 0 0 1 0 1 0 1 0 1 0 0 0
sp53 1 1 0 0 1 1 0 0 1 1 1 1 0 0 0 0 0 0 1 0 0 1 0 1 1 1 0 1 0 1
sp54 1 1 1 1 1 1 1 0 1 1 0 0 0 0 1 0 1 0 0 0 1 1 0 0 0 0 0 0 1 1
sp55 0 1 1 1 1 1 0 1 1 0 0 0 1 1 0 1 1 1 0 1 0 0 1 0 0 0 1 0 0 0
sp56 1 1 1 1 1 0 0 0 0 1 1 0 0 0 0 0 1 1 0 1 1 1 0 0 0 0 1 1 1 0
sp57 0 0 1 1 1 1 1 1 1 0 0 1 1 1 1 0 1 1 0 0 0 0 0 0 0 0 1 1 0 0
sp58 1 1 0 1 1 1 1 1 1 0 0 0 1 0 0 1 0 1 0 0 1 1 1 0 0 0 0 1 0 0
sp59 1 1 1 1 1 1 1 1 0 0 0 1 1 0 1 1 0 1 0 0 0 0 1 1 0 0 0 0 0 0
sp60 0 1 1 1 1 1 0 1 1 0 1 1 1 1 0 0 0 0 1 0 0 0 0 1 0 1 1 0 0 0
sp61 1 1 1 1 0 1 1 0 1 0 1 1 1 0 0 1 0 1 0 0 0 1 0 0 0 1 1 0 0 0
sp62 0 1 0 0 0 1 1 1 0 0 1 0 0 1 0 0 1 1 0 1 1 1 1 1 0 1 0 0 0 1
sp63 1 0 0 0 0 1 1 1 1 0 0 1 1 1 0 0 0 1 1 0 1 1 0 1 0 1 1 0 0 0
sp64 1 1 1 1 1 1 1 1 0 0 1 0 1 1 0 0 1 0 1 1 0 0 0 0 0 0 0 0 0 1
sp65 1 1 0 0 1 0 0 1 0 0 1 1 0 1 1 0 1 1 0 1 0 1 0 0 0 0 1 1 1 0
sp66 0 0 1 0 0 0 1 1 1 0 1 1 1 0 1 1 0 1 0 1 1 1 0 0 1 0 1 0 0 0
sp67 1 0 1 1 1 1 1 1 1 0 0 1 0 1 1 1 0 1 1 0 0 0 0 0 0 1 0 0 0 0
sp68 0 1 0 1 1 1 0 1 0 1 0 1 0 1 0 0 1 1 1 0 1 0 0 0 0 0 1 0 1 1
sp69 0 1 1 0 1 1 0 0 0 1 0 0 1 1 0 0 1 1 1 1 0 1 1 0 0 1 1 0 0 0
sp70 0 1 1 1 0 1 0 1 0 0 1 0 1 1 1 0 1 1 0 0 1 0 0 1 0 0 0 1 1 0
sp71 0 1 1 0 1 1 1 1 1 1 0 1 0 1 1 0 0 1 1 0 1 0 1 0 0 0 0 0 0 0
sp72 1 0 0 1 1 1 0 1 1 1 1 0 1 0 1 1 0 0 0 1 1 0 1 0 0 0 0 1 0 0
sp73 1 1 1 0 1 1 1 1 1 0 0 0 0 1 0 0 0 0 1 1 0 0 1 1 0 1 0 0 1 0
sp74 1 0 0 1 1 1 0 1 1 1 1 0 1 0 0 0 1 1 1 1 0 0 0 1 0 0 0 0 0 1
sp75 1 1 1 0 1 1 1 1 0 0 1 0 1 0 0 0 1 1 1 0 1 0 0 0 0 0 0 0 1 1
sp76 1 1 0 0 0 1 1 1 1 0 0 1 0 0 0 1 0 1 1 1 1 1 1 0 1 0 0 0 0 0
sp77 0 1 0 1 1 1 1 1 1 1 0 0 0 1 1 0 1 0 1 0 0 1 0 0 1 0 1 0 0 0
sp78 1 1 1 0 1 1 1 0 0 0 1 0 1 0 1 1 1 1 1 0 0 1 0 0 1 0 0 0 0 0
sp79 0 1 1 0 1 1 0 1 1 1 1 0 0 0 0 0 1 1 0 1 1 1 0 1 0 0 0 0 1 0
sp80 1 0 1 1 1 1 1 0 1 0 0 0 1 1 0 1 0 1 1 0 1 0 0 1 0 0 0 0 0 1
sp81 1 1 0 1 1 1 1 1 0 0 1 1 0 1 1 1 0 1 0 0 1 0 0 0 0 1 0 0 0 0
sp82 1 0 0 0 1 1 1 1 0 1 1 1 0 1 0 1 1 0 1 0 0 0 0 0 0 1 0 1 1 0
sp83 1 0 0 1 0 1 0 1 0 0 0 1 1 1 1 0 0 1 1 0 1 1 1 0 0 0 0 1 0 1
sp84 0 1 0 0 1 1 1 1 1 0 1 0 1 0 1 0 0 1 1 0 1 1 1 0 0 1 0 0 0 0
sp85 0 1 0 0 1 1 1 1 1 0 1 0 0 0 1 0 1 1 1 1 1 0 0 0 0 0 0 0 1 1
sp86 0 0 1 0 1 0 0 1 1 1 0 1 1 1 0 1 0 0 1 0 1 1 1 0 0 0 1 0 0 1
sp87 0 1 1 0 0 1 1 0 0 1 0 0 0 0 0 0 1 1 1 0 1 1 0 1 1 1 0 1 0 1
sp88 1 0 1 1 0 0 1 1 0 0 1 0 0 0 0 1 1 0 1 0 1 1 0 1 1 0 1 0 0 1
sp89 1 1 1 1 1 1 1 1 0 1 0 1 0 1 0 0 1 0 1 0 0 1 0 0 0 0 0 0 1 0
sp90 0 1 1 1 1 1 0 1 0 1 1 0 1 0 1 1 0 1 1 1 0 0 0 0 0 1 0 0 0 0
sp91 1 1 1 1 1 1 0 0 1 0 0 1 0 1 0 0 0 1 1 0 1 0 0 1 0 1 0 1 0 0
sp92 1 1 0 1 1 0 0 1 1 1 0 0 0 1 1 1 1 0 1 0 0 1 0 0 0 0 0 1 1 0
sp93 0 1 1 1 1 1 1 1 1 1 0 1 1 1 1 0 0 0 0 0 1 1 0 0 0 0 0 0 0 0
sp94 1 1 0 1 0 0 1 1 0 1 0 0 1 0 1 1 0 0 0 1 1 0 1 0 1 1 0 1 0 0
sp95 0 1 0 1 1 1 0 0 0 1 1 1 0 1 1 0 1 0 0 1 0 1 1 1 0 0 0 0 0 1
sp96 1 1 0 1 0 1 0 1 0 1 0 0 1 0 1 1 1 1 0 0 1 1 0 0 1 1 0 0 0 0
sp97 1 1 1 1 0 0 1 1 0 1 0 0 0 1 0 0 1 1 0 0 0 1 0 1 1 0 0 0 1 1
sp98 0 1 1 1 0 1 1 1 1 0 1 0 1 0 1 0 0 1 0 0 1 0 1 1 0 0 0 1 0 0
sp99 0 0 0 1 1 0 1 1 1 1 0 1 1 0 1 1 1 0 0 1 0 1 0 1 0 0 0 0 0 1
sp100 1 0 1 0 1 1 1 0 1 1 0 1 0 0 1 0 1 0 1 0 1 1 1 0 0 0 0 0 1 0
