100 10
sp1 1 1 0 1 1 0 0 1 1 1
sp2 1 1 1 1 1 0 1 0 0 1
sp3 1 1 0 0 1 1 1 1 0 1
sp4 1 1 0 1 1 0 1 1 0 1
sp5 1 1 0 1 0 1 1 1 1 0
sp6 1 0 0 1 1 1 1 1 0 1
sp7 1 1 1 1 1 0 1 0 1 0
sp8 1 1 1 0 1 0 1 1 1 0
sp9 1 1 1 1 1 1 0 0 1 0
sp10 1 1 1 1 0 1 1 1 0 0
sp11 1 1 1 1 1 0 0 1 1 0
sp12 1 1 1 1 1 1 1 0 0 0
sp13 1 1 0 1 1 0 1 0 1 1
sp14 1 1 1 1 1 0 0 1 1 0
sp15 1 1 1 0 1 1 0 1 1 0
sp16 1 1 0 1 1 1 1 0 1 0
sp17 1 1 0 1 1 1 1 0 1 0
sp18 1 1 0 1 1 1 0 1 0 1
sp19 0 1 1 1 1 1 1 1 0 0
sp20 1 1 1 1 1 1 0 0 1 0
sp21 1 0 1 1 1 1 0 1 1 0
sp22 1 0 1 1 1 0 1 1 1 0
sp23 1 1 0 1 1 0 1 1 0 1
sp24 1 1 0 1 1 0 1 0 1 1
sp25 1 1 1 1 1 1 0 0 0 1
sp26 1 1 1 0 1 0 1 1 0 1
sp27 1 1 1 0 1 1 1 0 1 0
sp28 1 0 1 1 1 0 0 1 1 1
sp29 1 1 0 1 1 1 0 1 1 0
sp30 1 1 0 1 1 1 1 1 0 0
sp31 1 1 1 0 1 0 1 1 1 0
sp32 1 1 1 1 0 1 1 0 1 0
sp33 1 1 1 1 1 0 0 1 1 0
sp34 1 1 1 1 1 0 0 0 1 1
sp35 1 1 1 1 1 0 1 0 1 0
sp36 1 1 1 1 1 0 0 0 1 1
sp37 1 0 1 1 1 0 1 1 1 0
sp38 1 1 0 1 0 1 1 1 1 0
sp39 1 1 1 1 0 0 1 0 1 1
sp40 0 1 1 1 1 1 0 1 1 0
sp41 1 1 0 1 1 1 0 1 1 0
sp42 1 1 0 1 0 0 1 1 1 1
sp43 1 1 1 1 1 0 0 1 0 1
sp44 1 1 1 1 1 0 0 1 0 1
sp45 1 1 1 1 1 0 1 1 0 0
sp46 1 1 1 1 1 1 0 0 1 0
sp47 1 1 1 1 1 1 0 0 0 1
sp48 1 0 0 1 1 1 1 1 1 0
sp49 1 0 1 1 1 1 0 1 0 1
sp50 1 1 1 0 1 1 1 0 0 1
sp51 1 1 1 0 1 1 0 1 0 1
sp52 1 1 0 1 1 0 0 1 1 1
sp53 1 1 1 1 1 0 0 0 1 1
sp54 1 1 1 1 1 1 0 0 0 1
sp55 1 0 1 1 1 0 1 0 1 1
sp56 1 1 1 1 1 0 0 1 0 1
sp57 1 1 1 1 1 1 1 0 0 0
sp58 1 1 1 1 1 0 1 1 0 0
sp59 1 1 0 1 1 1 0 0 1 1
sp60 1 1 0 1 1 0 0 1 1 1
sp61 1 1 1 1 1 0 0 1 1 0
sp62 1 1 1 1 1 1 0 0 0 1
sp63 1 0 1 1 1 1 0 1 1 0
sp64 1 0 1 1 1 0 1 1 0 1
sp65 1 0 1 1 1 1 0 0 1 1
sp66 1 1 1 1 1 0 1 0 1 0
sp67 1 1 0 1 1 1 0 1 0 1
sp68 1 1 1 1 1 0 1 1 0 0
sp69 1 1 0 1 1 0 1 0 1 1
sp70 1 1 0 0 1 1 0 1 1 1
sp71 1 1 0 1 0 0 1 1 1 1
sp72 1 1 1 1 0 0 1 1 0 1
sp73 1 1 0 1 1 1 0 0 1 1
sp74 1 1 1 1 1 1 0 0 1 0
sp75 1 1 1 1 1 1 0 0 1 0
sp76 1 0 1 1 1 1 1 0 1 0
sp77 1 0 1 1 1 1 1 1 0 0
sp78 1 1 1 0 1 1 1 1 0 0
sp79 1 1 1 1 1 0 0 1 1 0
sp80 1 1 1 0 0 1 0 1 1 1
sp81 1 0 1 0 1 0 1 1 1 1
sp82 1 0 1 1 1 1 0 0 1 1
sp83 1 1 1 1 1 1 0 1 0 0
sp84 1 1 1 1 0 1 0 0 1 1
sp85 1 1 0 1 1 1 0 0 1 1
sp86 1 1 1 0 1 0 1 0 1 1
sp87 1 1 0 1 1 0 1 1 0 1
sp88 1 1 0 1 1 0 1 1 1 0
sp89 1 1 1 1 1 1 0 0 1 0
sp90 1 0 1 1 1 0 1 0 1 1
sp91 0 1 1 1 1 0 1 0 1 1
sp92 1 1 1 1 1 0 1 0 0 1
sp93 1 1 1 1 1 1 0 0 0 1
sp94 1 1 1 1 0 0 1 0 1 1
sp95 1 1 0 1 1 0 1 1 1 0
sp96 1 1 1 1 1 1 0 0 0 1
sp97 1 1 1 1 1 0 1 1 0 0
sp98 1 1 0 1 1 1 1 1 0 0
sp99 1 0 1 1 1 0 1 1 1 0
sp100 1 1 1 1 0 0 0 1 1 1
