100 10
sp1 1 1 1 0 1 0 0 0 1 1
sp2 1 1 1 0 1 1 1 1 0 0
sp3 0 0 1 1 1 1 1 1 0 0
sp4 0 1 1 1 1 0 0 1 0 0
sp5 0 1 0 1 1 0 1 1 0 0
sp6 1 0 1 0 1 1 0 1 1 0
sp7 1 1 1 1 0 1 0 1 0 0
sp8 1 1 1 1 1 1 0 0 0 0
sp9 0 1 1 1 1 0 1 1 0 0
sp10 1 1 0 1 0 0 1 1 1 0
sp11 1 1 0 1 0 1 1 0 0 0
sp12 0 1 1 0 0 0 1 0 0 0
sp13 1 0 0 1 0 0 1 0 0 0
sp14 0 0 0 0 0 0 1 0 0 1
sp15 0 1 1 1 1 0 0 0 0 0
sp16 0 1 1 0 1 1 0 1 0 0
sp17 0 0 0 1 1 1 1 1 0 0
sp18 1 1 1 0 0 0 0 0 0 0
sp19 0 0 0 1 1 0 0 0 0 0
sp20 0 1 0 1 0 0 0 0 0 0
sp21 1 1 0 0 1 0 1 0 0 0
sp22 0 0 0 0 1 0 1 1 0 0
sp23 0 1 0 0 0 0 0 1 0 0
sp24 0 1 0 0 0 0 0 1 1 0
sp25 0 1 0 0 0 1 1 0 1 0
sp26 0 0 0 0 0 0 0 1 0 1
sp27 0 1 0 1 1 1 1 1 0 0
sp28 1 0 1 0 1 0 0 0 0 0
sp29 0 1 1 1 1 0 0 0 0 0
sp30 1 0 1 1 0 1 0 0 0 0
sp31 1 1 0 0 0 0 1 1 0 0
sp32 0 1 1 0 0 1 1 0 0 0
sp33 0 0 0 0 1 0 1 0 0 0
sp34 1 0 1 1 0 1 0 0 0 0
sp35 1 0 1 0 1 1 0 0 1 0
sp36 1 0 0 0 0 1 0 0 0 0
sp37 0 0 0 0 0 1 1 0 0 0
sp38 0 1 1 0 0 0 1 0 0 0
sp39 1 0 0 0 1 0 0 1 0 0
sp40 0 1 1 0 0 0 0 0 0 0
sp41 0 0 1 1 1 1 1 0 1 0
sp42 0 0 1 1 0 0 0 1 0 0
sp43 1 0 1 0 1 1 0 0 1 0
sp44 0 1 0 0 0 0 1 0 0 0
sp45 0 0 1 0 1 0 1 0 0 0
sp46 0 1 0 0 1 0 0 1 1 0
sp47 1 0 0 0 0 0 1 1 0 0
sp48 1 1 0 0 0 1 0 1 0 0
sp49 0 0 1 1 0 1 0 0 1 0
sp50 0 1 0 1 0 1 0 1 0 0
sp51 0 0 0 0 0 0 0 0 1 1
sp52 0 0 0 0 0 0 0 1 1 0
sp53 0 0 0 0 0 0 1 0 1 0
sp54 0 0 0 0 0 0 1 0 0 1
sp55 0 0 0 0 0 1 1 0 0 0
sp56 0 0 0 1 0 0 0 0 0 1
sp57 0 0 0 1 0 1 0 0 0 0
sp58 0 0 0 0 0 1 0 0 1 0
sp59 0 0 1 0 0 0 0 0 0 1
sp60 0 0 0 0 0 0 0 1 0 1
sp61 0 0 0 1 1 0 0 0 0 0
sp62 1 0 0 0 0 0 0 0 0 1
sp63 1 0 0 0 1 0 0 0 0 0
sp64 1 0 0 0 0 0 0 0 0 1
sp65 0 0 1 0 0 0 0 1 0 0
sp66 0 0 0 1 0 0 1 0 0 0
sp67 0 0 0 0 0 0 0 0 1 1
sp68 1 0 1 0 0 0 0 0 0 0
sp69 1 0 0 0 0 0 0 0 0 1
sp70 0 0 0 0 0 0 0 0 1 1
sp71 0 0 0 0 0 0 0 1 1 0
sp72 0 0 0 0 1 0 0 0 0 1
sp73 0 0 1 0 0 0 0 0 0 1
sp74 0 0 0 0 0 0 1 0 0 1
sp75 1 0 0 0 0 0 1 0 1 0
sp76 0 0 0 0 0 0 0 0 1 1
sp77 0 0 0 1 0 0 0 0 0 1
sp78 0 0 0 0 0 0 0 0 1 1
sp79 0 0 0 0 0 0 1 0 0 1
sp80 0 0 0 0 0 1 0 0 0 1
sp81 0 1 0 0 0 1 0 0 0 0
sp82 0 0 0 0 0 0 0 1 1 0
sp83 0 0 0 0 0 0 0 0 1 1
sp84 1 0 0 0 1 0 0 0 0 0
sp85 0 0 0 1 0 0 0 1 0 0
sp86 0 0 0 1 0 0 0 0 0 1
sp87 0 0 0 0 0 0 0 0 1 1
sp88 0 0 0 1 1 1 0 0 0 0
sp89 0 0 0 0 0 1 0 1 0 0
sp90 0 0 0 0 0 0 0 1 1 0
sp91 0 0 0 0 0 0 0 0 1 1
sp92 0 0 0 1 0 0 0 0 1 0
sp93 1 0 0 0 0 0 0 0 0 1
sp94 0 1 0 0 0 1 0 0 0 0
sp95 0 0 1 0 0 0 0 0 0 1
sp96 0 0 0 0 0 0 0 0 1 1
sp97 0 0 0 0 0 1 0 0 0 1
sp98 1 0 0 0 0 0 0 0 1 0
sp99 1 0 0 0 1 0 0 0 1 0
sp100 0 0 0 0 0 0 0 0 1 1
