100 10
sp1 1 1 0 1 1 0 0 0 1 0
sp2 1 1 0 1 0 1 1 0 1 0
sp3 0 0 0 1 1 0 1 1 1 1
sp4 0 1 1 1 0 0 1 0 0 1
sp5 1 1 0 1 0 1 1 0 1 0
sp6 1 1 1 1 0 1 0 0 0 0
sp7 1 0 0 1 0 1 0 1 0 0
sp8 0 1 1 1 1 0 0 1 1 0
sp9 0 0 1 0 0 1 1 1 1 1
sp10 0 0 0 1 1 0 0 1 1 0
sp11 1 1 1 1 0 0 0 0 1 0
sp12 1 1 0 1 1 0 1 0 0 1
sp13 0 0 0 0 0 1 1 1 0 0
sp14 0 1 0 0 1 1 1 0 0 0
sp15 0 1 1 1 0 1 0 0 1 1
sp16 0 1 0 0 0 1 1 1 0 1
sp17 1 1 0 1 0 1 0 1 0 1
sp18 1 1 0 1 1 0 1 1 0 0
sp19 1 1 1 0 0 0 0 0 1 0
sp20 0 1 1 0 0 0 0 1 1 0
sp21 1 1 0 1 1 0 1 0 1 0
sp22 1 0 0 1 1 0 0 0 1 1
sp23 1 1 1 0 0 1 0 1 0 1
sp24 1 0 0 0 1 0 1 1 0 1
sp25 1 1 0 0 1 0 1 0 1 1
sp26 0 1 1 0 0 0 1 1 1 0
sp27 0 1 0 1 1 0 1 1 0 0
sp28 1 0 1 0 1 1 0 0 1 1
sp29 0 1 1 0 1 1 0 1 1 0
sp30 0 1 0 1 0 1 1 0 0 1
sp31 1 0 1 0 1 0 0 1 0 1
sp32 0 0 0 0 1 1 1 0 0 1
sp33 0 1 1 1 1 1 0 0 1 0
sp34 0 0 1 0 0 0 1 0 0 0
sp35 1 0 0 1 1 1 1 0 0 1
sp36 0 0 0 0 1 1 0 1 0 1
sp37 1 1 0 1 1 0 0 0 0 0
sp38 1 0 0 0 1 0 1 1 1 1
sp39 1 1 0 1 0 1 0 1 0 1
sp40 0 1 1 0 1 0 0 1 1 1
sp41 1 1 1 0 1 0 0 0 0 0
sp42 1 0 1 1 0 0 1 1 0 0
sp43 1 0 1 1 0 0 1 1 0 0
sp44 0 0 0 1 1 1 1 0 0 1
sp45 1 0 1 1 0 1 0 0 1 1
sp46 1 0 1 1 1 0 1 1 0 0
sp47 0 1 1 1 1 1 0 0 0 1
sp48 0 1 1 1 0 0 1 1 1 0
sp49 1 1 0 0 0 0 1 0 1 0
sp50 0 0 0 0 1 1 0 1 1 1
sp51 0 0 0 1 0 0 1 1 1 1
sp52 1 0 0 0 1 1 0 1 0 0
sp53 0 0 0 0 1 0 1 1 1 1
sp54 0 1 1 0 0 0 0 0 0 0
sp55 0 1 1 0 0 1 0 1 0 1
sp56 0 0 0 1 0 1 1 0 1 0
sp57 0 0 0 0 1 1 1 1 0 0
sp58 0 0 1 0 0 1 0 0 1 1
sp59 1 0 0 1 0 1 0 0 1 0
sp60 0 0 0 1 1 1 0 1 1 0
sp61 0 1 0 0 1 1 1 0 1 1
sp62 0 0 0 1 0 0 1 1 1 1
sp63 1 0 1 0 0 0 1 1 0 0
sp64 1 1 0 0 1 0 0 0 0 1
sp65 0 1 0 1 1 1 0 0 0 1
sp66 0 1 0 1 1 0 0 1 0 0
sp67 0 1 1 0 0 1 0 0 1 1
sp68 1 0 0 0 0 1 0 1 0 1
sp69 1 0 1 0 0 0 0 1 1 0
sp70 1 1 1 1 0 0 1 0 0 1
sp71 1 1 0 1 0 1 0 0 1 1
sp72 0 1 1 1 1 0 0 0 1 0
sp73 1 0 1 0 1 1 0 0 1 0
sp74 0 0 1 1 1 1 1 0 0 1
sp75 1 0 1 0 0 0 1 1 0 1
sp76 1 0 1 1 1 0 1 0 0 0
sp77 1 0 1 0 0 1 1 1 1 0
sp78 1 1 1 0 1 0 0 0 1 1
sp79 0 0 0 0 0 1 0 1 1 1
sp80 0 0 0 0 0 1 1 0 1 1
sp81 1 1 0 1 1 0 0 0 1 0
sp82 0 0 1 1 1 1 0 0 0 0
sp83 1 1 1 0 1 0 0 1 0 1
sp84 1 1 0 0 1 1 0 0 1 0
sp85 1 0 0 0 0 0 1 1 1 1
sp86 0 0 1 1 1 1 1 0 0 1
sp87 0 0 1 0 0 1 1 1 0 0
sp88 1 0 0 1 0 1 0 0 0 1
sp89 1 0 1 1 0 0 1 0 1 0
sp90 0 0 0 1 0 0 1 1 0 0
sp91 0 1 1 0 1 1 1 1 0 0
sp92 0 0 1 0 0 0 1 1 0 0
sp93 1 1 1 1 0 0 0 0 1 0
sp94 1 1 1 0 0 1 1 0 0 1
sp95 1 1 1 0 0 1 1 0 1 0
sp96 0 0 1 0 1 1 0 1 1 1
sp97 0 1 0 1 0 0 1 1 1 1
sp98 0 0 1 1 1 1 1 1 0 0
sp99 0 0 1 0 1 0 0 1 1 1
sp100 1 1 0 0 1 0 0 1 0 1
