100 10
sp1 1 1 1 1 1 1 1 1 1 1
sp2 1 1 1 1 1 1 1 1 1 1
sp3 1 1 1 1 1 1 1 1 1 1
sp4 1 1 1 1 1 1 1 1 1 1
sp5 1 1 1 1 0 1 1 1 1 1
sp6 1 1 1 1 1 1 1 1 1 1
sp7 1 1 1 1 1 1 1 1 1 1
sp8 1 1 1 1 1 1 1 1 1 1
sp9 1 1 1 1 0 1 1 1 1 0
sp10 1 1 1 1 1 1 1 1 1 1
sp11 1 1 1 1 1 1 1 1 0 1
sp12 1 1 1 1 1 1 1 1 1 1
sp13 1 1 1 1 1 1 1 1 1 1
sp14 1 1 1 0 1 1 1 1 1 1
sp15 0 1 1 1 1 1 1 1 1 1
sp16 1 1 1 1 1 1 1 1 1 1
sp17 1 1 1 1 1 1 1 1 1 1
sp18 1 0 1 1 1 1 1 1 1 1
sp19 1 1 1 1 1 1 1 1 1 1
sp20 1 1 1 1 1 1 1 1 1 1
sp21 1 1 1 1 1 1 1 1 1 1
sp22 1 0 1 1 1 1 1 1 1 1
sp23 1 1 1 1 1 1 1 1 1 1
sp24 1 1 1 1 1 0 1 1 1 1
sp25 1 1 1 1 1 1 1 1 1 1
sp26 1 1 1 1 1 0 1 1 1 1
sp27 1 1 1 1 1 1 1 1 1 1
sp28 1 1 1 1 1 1 0 1 1 0
sp29 1 1 1 0 1 1 1 1 1 1
sp30 0 1 1 1 0 1 1 1 1 1
sp31 1 0 1 1 1 1 1 1 1 1
sp32 1 1 1 1 1 1 1 1 1 1
sp33 1 1 1 1 1 1 1 1 1 1
sp34 1 1 1 1 1 1 1 1 1 1
sp35 1 1 1 1 0 1 1 0 1 1
sp36 1 1 1 1 1 1 1 1 0 1
sp37 1 1 1 1 1 1 1 0 1 1
sp38 1 1 1 1 1 1 1 1 1 1
sp39 1 0 0 1 0 0 0 0 1 1
sp40 1 1 1 1 0 1 0 1 0 0
sp41 0 0 0 0 0 1 1 0 1 1
sp42 1 1 0 1 1 0 0 0 0 1
sp43 0 1 1 0 0 0 1 0 0 1
sp44 1 1 1 1 1 0 1 1 1 0
sp45 1 1 1 0 1 1 0 0 1 1
sp46 0 0 1 1 1 1 1 1 1 1
sp47 0 1 0 1 0 0 0 1 1 1
sp48 1 1 1 0 1 1 0 0 1 0
sp49 0 0 1 1 1 1 0 0 0 1
sp50 1 0 1 0 0 0 1 0 1 0
sp51 1 1 1 0 1 1 0 1 0 0
sp52 0 0 0 1 1 0 1 1 1 0
sp53 1 0 1 1 0 1 1 0 0 0
sp54 0 1 1 0 0 1 1 0 1 0
sp55 1 1 1 0 1 1 0 1 0 1
sp56 1 0 1 0 1 1 1 1 1 0
sp57 0 1 0 0 1 0 0 1 1 0
sp58 1 0 1 1 0 1 1 0 0 1
sp59 0 1 0 1 1 0 1 0 1 0
sp60 1 1 1 1 0 0 1 1 0 0
sp61 0 1 0 1 0 0 0 0 1 1
sp62 1 0 1 0 1 1 1 1 1 1
sp63 1 0 1 1 1 1 0 1 1 0
sp64 1 1 0 0 0 0 1 1 1 1
sp65 1 1 1 1 0 1 1 1 0 0
sp66 1 1 0 0 1 0 1 1 1 1
sp67 1 0 1 1 1 0 0 1 1 1
sp68 1 1 0 1 0 0 0 0 0 1
sp69 1 0 1 1 1 1 0 0 1 0
sp70 0 0 0 0 1 1 1 1 1 0
sp71 0 0 0 1 0 1 1 0 0 1
sp72 0 0 1 0 1 1 0 1 0 1
sp73 1 1 1 0 0 1 1 1 1 0
sp74 1 1 1 1 1 0 0 0 1 0
sp75 1 1 1 0 1 1 1 1 0 1
sp76 1 1 0 1 1 1 1 1 0 0
sp77 0 0 0 0 1 1 0 0 1 1
sp78 0 1 0 1 1 1 1 0 0 0
sp79 1 0 0 0 1 0 0 1 1 0
sp80 1 1 0 1 1 0 0 1 0 0
sp81 0 1 1 1 1 0 1 1 1 0
sp82 1 1 0 1 1 1 1 1 1 1
sp83 1 0 1 0 1 1 0 1 0 1
sp84 0 0 0 1 0 1 0 1 1 1
sp85 0 0 0 1 0 1 0 1 1 1
sp86 1 0 1 1 1 0 1 1 0 1
sp87 1 1 0 1 0 1 1 0 1 1
sp88 0 1 0 0 0 1 0 0 1 1
sp89 0 1 1 0 1 1 1 1 0 1
sp90 0 0 0 1 1 0 1 0 1 1
sp91 1 1 1 1 1 1 1 0 1 1
sp92 0 1 1 0 1 1 1 1 0 1
sp93 1 1 1 1 1 1 1 1 0 1
sp94 0 0 0 1 0 0 1 1 0 1
sp95 1 0 0 1 1 0 1 1 1 0
sp96 0 0 1 0 0 0 0 0 0 0
sp97 0 1 0 0 0 0 0 0 0 0
sp98 0 1 0 0 0 0 0 0 0 0
sp99 0 1 0 0 0 0 0 0 0 0
sp100 0 0 0 0 0 0 0 0 0 1
