100 10
sp1 0 1 1 0 1 0 1 1 0 0
sp2 1 1 1 1 0 1 0 1 1 0
sp3 0 1 1 1 0 0 1 1 0 0
sp4 0 1 0 0 1 1 0 1 0 0
sp5 0 1 1 0 1 1 1 1 0 0
sp6 1 1 1 0 0 0 1 0 0 0
sp7 0 1 0 1 0 0 1 1 1 0
sp8 1 1 0 1 0 0 1 1 0 0
sp9 1 1 1 1 1 0 1 1 1 0
sp10 1 0 1 0 1 1 0 0 0 0
sp11 0 1 0 0 1 1 0 0 0 0
sp12 1 1 1 0 1 1 1 0 0 0
sp13 0 1 0 1 0 1 0 0 0 0
sp14 1 1 1 1 1 0 0 1 0 0
sp15 0 1 1 0 0 0 1 0 1 0
sp16 0 1 0 0 1 0 0 0 0 0
sp17 1 0 0 1 1 0 1 1 1 0
sp18 0 1 1 1 1 0 1 0 0 0
sp19 0 0 0 1 0 1 1 1 0 0
sp20 1 0 0 0 0 1 0 1 0 0
sp21 0 0 1 0 1 1 0 1 1 0
sp22 0 0 1 0 1 0 0 1 0 0
sp23 0 0 0 1 0 1 0 0 1 1
sp24 1 0 1 1 0 0 1 1 1 0
sp25 1 1 1 0 1 1 0 0 1 0
sp26 1 1 0 1 1 1 0 1 0 0
sp27 1 1 0 0 0 0 0 1 0 0
sp28 0 1 0 0 0 1 0 1 1 0
sp29 1 1 0 0 0 1 0 0 1 0
sp30 0 0 1 1 0 0 0 1 1 0
sp31 0 0 1 1 0 0 0 0 0 0
sp32 0 1 1 1 0 1 0 1 1 0
sp33 1 0 0 1 1 1 0 0 0 0
sp34 0 0 0 1 0 1 0 1 0 0
sp35 1 0 0 0 1 1 1 0 0 1
sp36 0 0 0 1 1 1 1 0 0 0
sp37 1 0 0 1 1 0 0 0 1 0
sp38 0 0 0 0 0 0 1 0 0 1
sp39 0 0 0 0 0 0 0 1 0 1
sp40 0 0 0 0 0 0 0 0 1 1
sp41 0 0 0 0 0 1 0 1 1 0
sp42 1 0 0 0 1 0 1 0 0 0
sp43 0 0 0 1 0 0 0 0 0 1
sp44 0 0 0 0 0 0 0 1 0 1
sp45 0 0 0 0 0 0 1 0 0 1
sp46 0 0 0 0 0 0 0 1 0 1
sp47 0 0 0 0 1 0 0 0 0 1
sp48 1 0 1 1 0 0 0 0 0 0
sp49 1 0 0 0 0 0 0 0 1 0
sp50 0 1 0 0 0 0 0 0 0 1
sp51 0 0 0 0 0 0 0 1 0 1
sp52 0 0 0 0 1 0 0 0 0 1
sp53 0 0 0 0 0 1 0 0 0 1
sp54 1 0 0 1 1 1 1 0 0 0
sp55 1 0 0 1 0 1 1 0 0 0
sp56 0 1 0 0 1 0 0 0 0 0
sp57 1 0 1 0 0 0 0 0 1 0
sp58 0 0 0 1 1 0 0 0 0 0
sp59 0 0 0 1 1 1 1 0 0 0
sp60 0 0 0 0 0 0 0 0 1 1
sp61 0 0 1 0 0 0 0 0 0 1
sp62 0 0 0 0 0 0 0 0 1 1
sp63 0 1 0 0 0 0 0 0 1 0
sp64 0 0 0 0 0 0 0 0 1 1
sp65 0 0 0 0 0 0 0 0 1 1
sp66 1 0 0 0 0 0 0 0 0 1
sp67 1 0 0 1 0 0 0 0 0 0
sp68 0 0 0 0 0 0 0 0 1 1
sp69 0 1 0 0 0 0 0 0 1 0
sp70 1 0 0 0 0 0 0 0 1 0
sp71 0 0 0 0 0 1 0 0 0 1
sp72 0 1 0 1 0 0 1 1 0 0
sp73 0 0 0 0 1 0 1 0 0 0
sp74 0 1 0 0 1 0 0 0 0 0
sp75 0 0 0 0 0 0 0 0 1 1
sp76 0 0 1 0 0 0 1 0 1 0
sp77 0 0 0 1 0 1 0 0 1 0
sp78 0 1 0 0 0 0 1 0 0 0
sp79 0 0 1 0 0 0 0 0 0 1
sp80 0 0 1 0 0 0 1 0 0 0
sp81 0 0 1 0 0 0 0 0 1 0
sp82 1 0 0 0 0 0 0 0 0 1
sp83 1 0 0 0 0 0 0 0 0 1
sp84 0 0 0 0 0 1 0 0 0 1
sp85 0 0 1 0 0 0 0 0 0 1
sp86 0 0 0 0 0 1 0 0 0 1
sp87 0 0 0 0 0 0 0 1 0 1
sp88 1 0 1 0 0 0 0 0 0 0
sp89 0 1 0 0 1 0 1 0 0 0
sp90 1 0 1 0 0 0 0 0 0 0
sp91 0 0 0 0 0 0 1 0 0 0
sp92 0 0 1 0 0 0 0 0 0 0
sp93 0 0 0 0 0 0 1 0 0 0
sp94 0 0 0 0 0 0 1 0 0 0
sp95 0 0 0 0 0 1 0 0 0 0
sp96 0 0 0 0 0 0 0 1 0 0
sp97 0 0 0 1 0 0 0 0 0 0
sp98 0 0 1 0 0 0 0 0 0 0
sp99 0 0 0 0 1 0 0 0 0 0
sp100 0 0 0 0 0 0 0 1 0 0
