100 30
sp1 1 1 1 0 1 1 1 1 1 1 0 0 1 1 1 1 1 1 0 0 1 1 0 1 0 1 1 1 0 0
sp2 1 1 1 1 1 1 0 1 0 1 0 0 1 1 1 1 0 0 1 1 1 0 1 0 0 1 1 1 1 1
sp3 1 1 1 1 1 1 0 1 0 0 1 1 1 1 0 1 0 1 1 1 0 0 0 1 1 1 1 1 1 0
sp4 1 1 1 1 0 1 1 1 1 0 1 1 0 1 0 1 1 0 1 1 1 1 0 1 0 0 1 1 1 0
sp5 1 1 1 1 0 1 1 1 1 1 0 0 0 0 1 0 1 1 0 1 1 1 0 1 1 1 1 1 0 1
sp6 1 1 1 1 1 0 1 1 1 1 0 0 1 1 0 1 0 1 1 1 1 1 0 1 0 1 1 0 0 1
sp7 1 1 0 1 1 1 0 1 0 1 1 1 0 1 0 1 1 1 0 1 1 1 0 1 1 1 1 0 1 0
sp8 1 1 1 1 1 1 1 1 1 1 1 0 1 1 0 1 0 1 0 0 0 1 0 1 1 1 0 1 1 0
sp9 1 1 1 1 1 1 0 1 0 1 1 0 1 0 1 1 0 1 0 1 0 1 0 1 1 0 1 1 1 1
sp10 0 1 1 1 1 0 1 1 1 0 1 0 1 0 1 1 0 1 1 0 1 1 1 1 0 0 1 1 1 1
sp11 1 1 1 0 1 1 1 0 0 1 1 1 1 1 1 1 0 1 1 1 0 1 0 1 0 1 1 0 0 1
sp12 1 0 1 1 1 0 1 1 1 1 1 1 1 1 1 1 0 1 1 0 1 0 0 1 1 1 0 0 0 1
sp13 0 1 1 1 1 0 1 1 1 1 1 1 1 1 0 1 1 0 1 1 1 1 1 0 1 1 0 0 0 0
sp14 1 0 1 1 1 1 1 1 1 1 0 1 1 1 1 0 0 0 0 1 1 1 1 0 0 1 1 0 1 1
sp15 1 1 1 0 1 1 1 0 1 0 1 0 0 1 1 1 1 0 1 1 1 1 1 0 1 0 1 1 0 1
sp16 1 1 1 1 1 0 1 1 0 1 0 1 1 1 1 1 1 1 1 1 1 0 0 1 0 0 0 0 1 1
sp17 1 1 1 1 1 1 1 1 0 1 0 1 1 0 1 1 1 1 1 0 1 1 0 0 0 0 1 1 1 0
sp18 1 1 1 1 1 1 1 0 1 0 1 1 0 0 1 1 1 1 0 0 1 1 0 0 1 0 1 1 1 1
sp19 1 1 1 1 1 0 1 1 1 0 0 0 1 1 1 1 1 1 1 0 0 1 1 1 0 1 1 0 0 1
sp20 1 0 1 1 1 0 1 1 1 1 1 1 0 1 1 1 1 0 0 1 1 1 0 1 0 1 0 0 1 1
sp21 1 1 1 1 1 1 1 1 1 0 1 1 1 0 1 1 0 1 0 1 1 0 0 0 0 1 1 1 1 0
sp22 1 1 1 1 1 0 1 1 1 1 1 0 0 1 1 1 1 0 1 0 1 1 0 1 0 1 0 1 0 1
sp23 1 0 1 1 1 1 1 1 1 0 1 0 1 1 1 1 1 0 1 1 1 0 0 1 1 0 1 1 0 0
sp24 1 0 1 1 1 1 1 1 1 1 1 1 0 1 0 1 1 1 0 0 1 0 0 1 1 1 0 1 0 1
sp25 1 1 1 1 1 1 1 0 1 1 1 1 1 1 1 0 1 1 1 1 1 1 0 0 0 0 1 0 0 0
sp26 0 1 1 1 1 0 1 1 1 0 1 1 1 1 1 1 0 1 1 0 1 1 1 1 0 1 0 0 0 1
sp27 1 1 1 1 1 1 0 0 1 0 0 1 0 0 1 1 0 1 1 1 1 1 0 1 1 0 1 1 1 1
sp28 1 1 1 1 1 1 1 1 1 1 1 1 1 0 0 1 1 1 1 0 1 0 1 1 0 0 1 0 0 0
sp29 0 0 1 1 1 1 1 1 0 1 1 0 1 0 1 1 1 1 1 1 1 0 1 1 1 1 0 1 0 0
sp30 1 1 1 1 1 1 1 1 0 0 1 0 1 1 1 0 1 0 1 1 1 1 0 0 1 1 0 1 1 0
sp31 1 1 0 1 1 0 1 1 1 1 1 1 1 0 1 1 1 1 0 0 1 1 0 0 0 1 1 0 1 1
sp32 1 1 1 1 0 1 0 1 0 1 1 0 1 1 0 1 1 1 1 1 1 1 0 0 1 0 1 1 0 1
sp33 1 1 1 0 1 1 1 1 1 1 0 1 1 0 1 0 1 1 1 1 0 1 1 0 1 1 0 0 1 0
sp34 1 1 0 0 1 1 1 1 0 1 0 1 1 1 1 1 1 0 1 1 0 0 1 1 1 0 1 0 1 1
sp35 1 1 1 0 1 1 1 1 0 1 0 0 0 1 1 1 0 0 1 1 1 1 1 1 0 1 1 1 1 0
sp36 1 0 0 1 1 1 1 1 1 0 1 1 0 1 0 1 1 1 1 0 1 1 0 1 0 1 0 1 1 1
sp37 1 0 0 1 1 1 0 0 0 1 1 1 1 1 1 1 0 0 1 1 1 0 1 1 1 1 1 1 1 0
sp38 0 0 1 1 1 1 1 1 1 0 0 0 1 1 1 0 1 1 1 1 1 1 1 1 0 1 1 0 0 1
sp39 1 1 1 1 1 1 0 0 0 1 1 0 1 0 1 0 1 1 1 1 1 0 1 1 0 1 1 0 1 1
sp40 1 1 0 1 1 1 1 1 1 1 1 0 1 1 1 1 0 1 1 1 0 1 0 0 0 1 0 1 1 0
sp41 1 1 1 1 1 1 1 1 1 1 0 1 1 1 1 0 1 0 0 0 1 1 1 1 1 1 0 0 0 0
sp42 1 1 1 1 1 1 1 1 1 1 0 1 1 0 1 1 1 0 1 1 1 0 0 0 0 0 1 0 1 1
sp43 1 0 1 1 1 1 1 0 1 1 0 1 1 0 1 1 1 0 1 1 1 1 1 1 0 1 0 0 1 0
sp44 1 0 1 0 1 1 1 1 0 1 0 0 1 1 1 1 1 1 0 1 0 1 1 0 1 1 0 1 1 1
sp45 1 0 1 0 1 1 1 1 1 1 1 1 1 0 1 1 1 1 1 0 1 1 1 0 1 0 1 0 0 0
sp46 1 1 1 1 1 1 1 1 1 0 1 1 1 1 1 1 1 0 0 1 1 0 0 0 1 1 0 1 0 0
sp47 1 1 1 1 1 1 1 1 0 0 1 1 1 0 0 1 1 1 1 1 0 1 0 0 1 1 0 0 1 1
sp48 1 1 1 1 1 1 1 1 0 0 1 0 0 1 1 1 1 0 1 0 1 1 1 0 1 1 0 0 1 1
sp49 0 1 0 1 1 1 0 1 1 0 1 1 1 1 1 0 1 1 1 1 1 0 0 1 0 1 0 1 1 1
sp50 1 1 1 1 1 1 1 1 1 1 1 1 0 0 1 1 1 1 1 0 1 1 0 0 0 1 1 0 0 0
sp51 1 1 1 1 1 1 1 0 0 1 1 1 1 1 1 0 0 1 1 1 1 0 1 1 1 0 1 0 0 0
sp52 1 1 1 1 1 1 1 1 0 1 1 0 1 1 1 1 1 1 1 0 0 1 1 1 0 0 0 0 1 0
sp53 1 1 1 1 1 1 1 1 1 1 1 1 1 0 1 0 0 1 0 1 1 1 0 0 1 1 0 0 0 1
sp54 1 1 1 1 1 1 1 1 0 0 0 0 1 1 0 1 1 1 0 1 0 1 1 1 1 1 1 0 1 0
sp55 1 1 1 1 0 1 1 1 1 0 0 1 0 1 1 1 1 0 1 1 1 1 1 0 1 1 0 0 1 0
sp56 1 1 0 1 0 1 1 1 1 1 0 1 1 0 1 0 1 1 1 1 1 0 1 1 0 1 1 1 0 0
sp57 1 1 0 1 1 1 1 1 1 1 1 0 1 1 1 1 1 1 0 1 0 0 1 0 1 0 0 1 1 0
sp58 1 0 1 1 1 1 1 1 1 0 1 1 0 1 1 0 0 0 1 1 1 1 1 1 0 1 1 0 1 0
sp59 1 1 1 1 1 1 1 1 1 0 0 0 1 1 1 1 1 1 1 0 1 1 0 0 1 0 1 1 0 0
sp60 1 1 1 1 1 1 1 1 0 0 1 1 1 1 1 1 1 0 1 1 0 0 1 1 0 0 1 0 0 1
sp61 1 1 1 1 1 1 1 1 1 1 1 0 0 1 1 1 1 1 0 1 0 0 0 1 1 0 1 1 0 0
sp62 1 1 1 1 0 1 1 1 1 0 0 0 1 1 1 1 1 1 1 0 1 0 0 0 1 1 0 1 1 1
sp63 1 1 1 1 1 1 1 0 1 0 0 1 0 1 1 1 1 1 1 1 1 1 1 0 1 0 1 0 0 0
sp64 1 1 1 0 1 1 1 1 1 0 1 1 1 1 0 1 0 1 1 1 1 1 0 1 1 0 0 0 0 1
sp65 1 1 1 1 1 1 0 1 0 1 1 1 1 0 1 1 0 0 1 0 1 0 0 1 1 1 0 1 1 1
sp66 1 1 1 1 1 1 1 1 0 1 1 0 0 0 1 0 1 0 1 1 1 1 1 1 1 0 0 0 1 1
sp67 1 0 1 0 0 1 1 0 0 1 1 1 1 1 1 1 1 1 1 0 1 0 0 1 1 1 1 1 1 0
sp68 1 1 1 1 1 1 1 1 1 1 1 1 1 1 0 0 1 1 0 0 1 1 0 0 0 1 1 0 1 0
sp69 1 1 1 1 1 1 1 1 0 1 1 0 0 1 1 1 1 1 0 0 1 1 1 0 0 1 1 1 0 0
sp70 1 0 1 1 1 1 1 1 1 1 1 0 1 0 0 0 1 1 1 1 0 0 1 1 1 0 0 1 1 1
sp71 1 1 0 1 0 1 0 0 1 1 1 1 0 1 1 1 1 1 0 1 1 1 1 1 0 1 1 1 0 0
sp72 1 1 1 1 1 1 1 1 0 0 0 0 1 1 1 0 1 1 0 0 1 1 0 1 1 1 0 1 1 1
sp73 1 0 1 1 1 1 1 1 1 1 1 1 1 0 0 0 1 1 0 1 0 1 1 1 0 0 1 1 0 1
sp74 0 1 1 1 1 1 1 1 1 1 1 0 1 0 0 1 1 1 0 0 1 0 0 0 1 1 1 1 1 1
sp75 0 0 1 1 1 1 1 1 1 1 1 1 1 1 1 1 0 1 0 1 1 1 0 1 1 0 0 1 0 0
sp76 0 0 1 1 1 1 1 1 1 0 1 0 1 0 1 1 0 1 1 1 1 1 1 0 0 1 1 0 1 1
sp77 1 1 1 1 0 0 1 0 1 1 0 1 1 1 0 1 0 0 1 1 1 1 0 1 0 1 1 1 1 1
sp78 1 1 1 0 1 1 1 0 0 1 1 1 1 1 1 1 1 1 0 1 1 1 0 1 0 1 0 1 0 0
sp79 1 0 1 1 1 1 1 1 0 0 1 0 0 1 0 1 1 1 1 1 0 1 1 1 1 1 0 0 1 1
sp80 0 1 1 1 1 0 1 1 1 0 1 1 0 0 1 1 1 1 1 1 0 1 0 1 1 1 0 1 1 0
sp81 1 1 1 0 1 1 1 1 0 1 0 1 1 1 0 1 0 0 1 1 1 1 1 0 1 1 0 1 1 0
sp82 0 1 1 0 0 1 1 1 0 1 1 1 1 0 1 1 1 1 1 0 1 1 1 0 1 0 1 0 1 1
sp83 1 1 0 1 1 1 1 1 0 1 1 1 0 1 1 0 1 0 1 0 1 0 1 0 1 1 1 0 1 1
sp84 1 1 1 1 1 0 1 1 1 0 1 0 1 1 1 1 1 0 1 0 1 0 1 1 0 0 1 1 1 0
sp85 1 1 1 1 1 0 1 1 1 0 1 1 1 0 0 1 0 1 1 1 1 1 0 1 0 1 1 0 0 1
sp86 1 0 1 1 0 1 1 1 0 1 0 0 1 1 1 0 0 1 1 1 0 1 1 1 1 1 1 1 0 1
sp87 1 1 1 1 1 1 1 1 1 0 1 0 0 0 1 1 0 1 1 0 0 0 1 1 1 1 0 1 1 1
sp88 1 0 1 1 1 0 1 1 0 1 1 1 1 1 0 1 1 1 0 1 0 1 1 1 0 1 1 0 1 0
sp89 1 0 1 1 1 1 1 1 1 0 1 1 0 1 1 0 1 1 1 0 1 1 0 1 0 1 0 1 0 1
sp90 1 0 1 1 0 1 1 1 1 0 1 1 1 1 1 1 0 0 1 1 1 1 0 1 0 0 1 1 1 0
sp91 1 1 1 0 1 1 0 1 1 0 0 1 1 0 0 1 1 1 1 1 1 1 0 1 1 0 0 1 1 1
sp92 1 1 1 1 0 0 1 1 1 0 1 1 1 0 1 1 1 0 1 1 1 0 0 1 0 1 0 1 1 1
sp93 1 1 1 1 1 0 1 1 1 1 1 0 1 1 1 1 1 0 0 0 1 1 0 0 1 1 1 0 1 0
sp94 1 0 1 1 0 1 1 1 1 1 1 0 1 1 1 1 1 1 1 1 0 0 1 1 0 1 0 1 0 0
sp95 0 1 1 1 1 1 1 1 0 0 1 1 1 0 0 1 1 1 1 0 0 1 1 0 0 1 1 1 1 1
sp96 1 0 1 1 1 0 1 1 1 0 1 1 1 0 0 1 1 1 1 1 1 1 0 0 0 1 0 1 1 1
sp97 0 1 1 1 1 1 0 0 1 1 1 1 1 1 0 0 1 1 0 0 0 1 1 1 1 1 0 1 1 1
sp98 1 1 1 1 1 1 0 1 1 1 0 0 1 0 1 1 1 1 1 1 0 1 0 1 0 1 1 0 1 0
sp99 0 1 1 0 1 1 1 1 1 1 1 1 1 0 0 1 0 1 0 1 1 1 1 0 0 1 1 1 1 0
sp100 1 1 1 1 1 1 0 0 0 1 1 1 1 1 1 1 1 0 1 1 1 0 0 0 1 1 0 0 1 1
