100 30
sp1 1 0 1 1 1 0 1 1 0 1 1 1 1 1 1 1 1 0 1 0 1 1 1 0 1 1 1 1 1 0
sp2 1 1 0 1 1 1 1 0 1 1 1 1 0 1 1 1 0 1 1 1 0 0 1 0 1 1 1 1 1 1
sp3 1 1 1 0 1 0 1 1 0 1 1 1 1 0 0 0 0 1 0 1 0 1 1 1 1 1 1 1 1 1
sp4 0 0 1 0 1 1 1 1 1 1 0 1 0 1 0 0 1 1 1 1 1 1 1 1 1 1 1 1 1 1
sp5 1 1 1 0 1 0 1 0 1 1 1 1 0 0 1 0 1 1 1 1 1 1 0 1 1 1 0 1 1 0
sp6 1 1 1 1 0 1 1 0 1 0 0 0 1 0 1 1 0 1 1 1 1 0 1 1 0 0 1 1 1 1
sp7 1 0 1 0 0 0 1 1 1 1 1 1 1 1 1 0 0 1 1 1 1 1 0 1 0 1 1 1 1 0
sp8 0 1 1 1 1 0 1 1 0 0 1 1 0 1 1 1 1 0 1 0 1 1 0 1 1 0 1 0 1 1
sp9 1 1 1 1 0 1 1 0 1 0 1 1 0 0 1 1 1 1 0 1 1 1 1 1 1 1 0 1 1 1
sp10 0 0 1 1 1 1 1 1 0 1 0 0 1 1 1 1 1 1 1 1 1 0 1 1 1 0 1 1 1 1
sp11 1 1 0 1 0 1 1 1 1 1 1 1 1 1 1 1 0 0 0 1 1 1 1 1 1 1 0 1 1 0
sp12 1 1 1 1 0 0 1 0 1 1 1 1 1 1 1 1 1 1 0 0 1 1 0 0 1 1 0 0 1 1
sp13 1 0 1 1 1 1 1 0 0 0 0 1 1 1 1 1 1 0 1 1 0 1 0 1 1 1 1 0 0 1
sp14 0 1 1 1 1 0 1 1 1 1 1 1 1 1 1 0 0 1 1 1 1 0 1 0 1 0 1 1 1 0
sp15 1 1 1 0 0 1 1 1 1 1 0 0 1 1 0 0 1 1 0 1 1 1 1 0 1 1 1 1 1 1
sp16 1 1 0 0 1 1 0 1 1 1 1 1 1 1 0 0 1 0 1 1 1 0 1 1 1 1 1 0 1 1
sp17 1 1 0 0 1 1 1 1 0 1 1 1 1 1 1 1 0 1 1 1 1 1 1 0 1 0 0 1 1 0
sp18 0 1 0 1 0 1 1 1 0 1 1 1 1 0 1 1 1 1 1 0 0 1 1 1 0 1 1 0 1 1
sp19 1 1 0 1 1 0 1 1 1 1 0 0 1 1 1 0 0 1 0 0 1 0 1 1 1 1 1 0 1 0
sp20 1 1 1 0 0 1 1 1 1 1 0 1 1 0 0 0 0 0 1 0 1 0 1 0 0 1 1 0 1 1
sp21 1 1 1 0 0 0 1 1 1 1 1 0 0 1 1 1 0 1 0 1 1 1 1 0 1 1 1 1 1 1
sp22 1 0 1 1 1 0 0 1 0 1 0 1 1 1 1 1 1 1 1 1 0 1 1 1 1 1 1 1 1 1
sp23 1 1 1 1 1 1 0 1 0 0 0 1 0 1 1 0 1 1 1 0 1 1 0 1 1 0 1 0 1 1
sp24 0 1 1 1 1 1 0 0 0 1 1 1 1 1 1 1 1 1 1 1 1 1 1 1 0 0 1 1 0 0
sp25 1 1 1 1 0 1 1 1 1 1 1 1 0 0 1 1 0 1 1 0 0 1 0 1 1 1 1 1 0 1
sp26 0 0 1 1 0 0 0 1 1 0 1 1 1 1 1 0 1 1 0 1 1 1 1 1 1 1 0 1 0 0
sp27 0 1 1 1 0 0 1 1 1 1 0 1 1 1 0 1 1 0 1 1 1 1 1 1 1 0 0 0 0 1
sp28 1 0 1 1 1 1 0 0 1 1 0 0 1 1 1 1 1 1 1 0 1 1 1 1 1 0 1 1 0 1
sp29 1 0 1 1 1 1 0 1 1 1 1 0 1 0 1 1 1 0 1 1 1 0 0 1 1 1 1 1 1 0
sp30 1 1 1 1 1 0 0 1 0 0 1 0 0 0 1 1 0 0 1 1 0 0 1 1 1 1 1 0 0 0
sp31 1 1 1 1 0 1 1 1 1 1 1 0 0 1 1 1 1 1 1 1 0 1 1 0 1 0 1 1 0 1
sp32 1 1 1 1 0 1 1 0 1 1 0 1 0 0 1 1 1 1 1 0 0 1 1 0 0 1 1 1 0 1
sp33 1 1 1 1 1 1 1 0 0 1 1 1 1 1 1 1 1 1 0 1 0 0 1 1 0 1 1 1 0 0
sp34 1 1 1 0 0 1 0 0 1 1 1 1 1 1 0 1 0 0 1 1 1 1 1 1 1 1 1 1 1 1
sp35 0 0 1 1 1 0 1 0 1 0 0 0 1 1 1 0 1 1 0 1 1 1 1 1 1 1 1 1 1 1
sp36 1 1 1 1 0 1 1 0 1 0 0 1 1 0 1 1 1 1 1 0 0 0 1 0 1 1 1 1 1 1
sp37 0 1 1 1 0 1 1 1 1 1 1 1 1 1 1 0 0 0 1 1 1 1 0 0 0 0 1 1 1 1
sp38 1 1 1 1 0 1 1 1 0 1 1 1 0 0 1 1 1 0 1 0 1 0 1 0 1 1 0 0 0 0
sp39 1 1 1 1 0 1 1 1 1 0 1 1 1 0 0 0 1 1 1 1 1 0 1 1 1 0 1 0 1 0
sp40 0 1 1 1 1 1 1 1 0 1 1 1 0 1 0 0 1 1 0 1 1 0 1 1 1 1 1 1 0 1
sp41 1 0 0 1 1 1 1 1 0 1 1 1 1 0 1 1 1 1 0 1 1 0 0 0 0 1 1 1 1 1
sp42 1 0 1 1 1 1 1 1 0 0 0 0 1 1 0 1 1 1 1 1 1 1 1 1 1 0 1 0 0 1
sp43 1 1 0 1 1 0 1 1 0 1 1 1 1 1 0 1 1 1 1 1 1 0 1 1 0 1 1 0 1 0
sp44 1 0 1 1 1 0 1 0 1 1 1 1 1 0 1 1 0 1 1 1 0 1 1 1 1 1 0 1 0 1
sp45 1 1 1 1 1 1 0 0 1 1 1 1 1 1 1 1 1 1 0 0 1 1 1 1 0 0 1 1 0 1
sp46 1 1 1 1 1 0 0 1 1 0 1 1 1 1 0 1 0 1 1 1 1 1 0 1 1 0 1 0 1 0
sp47 1 1 1 0 0 0 0 1 1 1 0 1 1 1 1 1 1 0 1 0 1 0 0 1 1 1 1 1 1 1
sp48 1 0 0 1 1 1 1 1 0 0 0 1 1 1 1 0 1 1 1 1 0 1 1 1 0 1 1 0 1 1
sp49 1 1 1 1 1 1 1 0 0 1 0 1 0 0 0 1 1 1 1 0 1 1 1 1 0 1 1 1 1 1
sp50 1 1 1 0 1 1 1 1 1 0 1 1 1 1 1 1 0 1 0 1 0 1 1 1 0 1 1 0 1 0
sp51 1 1 1 0 1 0 1 1 1 1 1 1 1 0 1 0 0 1 1 1 1 0 1 1 1 1 1 0 1 1
sp52 0 0 1 1 1 0 1 1 1 1 0 0 1 0 1 1 0 1 1 0 1 0 0 1 0 1 0 1 1 1
sp53 0 1 0 1 1 1 1 1 1 1 1 1 0 1 1 0 0 0 1 1 1 1 0 0 0 1 0 1 0 0
sp54 1 1 0 0 1 1 0 0 1 1 1 1 1 1 0 1 1 1 0 1 1 0 0 1 1 1 1 1 0 0
sp55 0 1 0 1 1 1 1 0 0 1 1 1 1 1 1 1 1 0 1 0 1 1 1 1 1 0 0 1 1 0
sp56 1 1 0 1 1 1 0 0 0 0 1 0 1 1 1 0 1 1 0 1 1 1 1 1 1 1 1 0 1 1
sp57 1 1 1 1 0 1 1 1 0 1 0 1 1 1 1 1 1 0 1 0 1 1 0 1 1 1 0 1 1 1
sp58 1 1 0 1 0 1 0 1 1 1 1 1 0 1 0 1 0 0 0 1 1 1 1 1 1 0 1 0 1 1
sp59 1 0 0 0 1 0 0 1 0 1 1 0 0 1 0 1 1 1 1 1 1 1 0 1 0 0 1 1 0 1
sp60 0 0 1 1 1 1 1 1 0 1 1 1 1 1 0 1 1 0 0 1 1 0 1 1 1 1 0 1 1 1
sp61 1 0 0 1 1 1 1 1 1 1 1 1 1 1 1 1 1 1 0 1 1 0 0 1 1 0 0 1 1 1
sp62 0 1 0 1 0 1 1 1 1 0 1 1 0 1 0 0 0 1 1 0 0 1 1 1 1 1 0 1 1 1
sp63 0 0 0 1 1 1 0 1 1 0 1 0 0 1 1 1 1 1 1 0 0 1 0 0 1 1 1 1 0 1
sp64 1 1 0 0 1 1 1 0 0 1 1 1 1 0 0 1 1 1 0 1 1 1 1 0 1 1 0 1 1 1
sp65 1 0 0 0 1 1 1 1 1 0 1 0 1 0 1 1 1 1 0 1 1 1 1 1 1 1 0 1 1 1
sp66 1 0 0 1 1 1 0 0 1 0 1 1 1 1 1 1 1 1 1 1 1 1 0 1 0 1 0 0 0 1
sp67 1 1 1 0 1 1 1 0 1 0 0 0 1 1 0 1 1 1 1 1 1 1 1 1 1 1 0 1 1 0
sp68 0 1 1 1 0 1 1 1 1 0 1 1 1 1 1 1 1 0 1 1 0 0 1 1 0 1 0 0 1 1
sp69 1 1 1 1 1 1 1 1 1 0 1 1 1 1 1 1 1 1 0 1 0 1 0 1 0 0 0 1 0 1
sp70 1 1 1 1 1 1 1 1 1 1 1 0 1 1 1 0 1 0 0 1 0 0 1 1 1 0 0 0 1 1
sp71 1 1 1 1 0 1 0 1 1 1 1 1 1 1 1 1 1 0 1 0 1 1 1 1 0 0 1 0 1 1
sp72 1 1 1 1 1 1 1 0 0 1 1 1 1 1 0 1 1 1 1 1 1 0 1 1 0 1 1 1 1 1
sp73 0 1 1 0 1 0 0 1 1 0 0 1 1 1 1 1 1 0 1 1 1 1 0 0 0 0 1 0 1 0
sp74 1 1 1 1 1 1 1 1 1 1 1 1 1 1 1 0 1 1 1 1 0 1 1 1 0 0 0 1 1 1
sp75 0 1 0 0 1 1 1 0 1 1 0 1 1 1 1 0 1 1 1 0 0 1 1 0 1 0 1 1 1 1
sp76 0 0 1 0 1 1 1 1 1 0 1 1 0 1 1 0 1 1 1 1 0 1 0 1 1 1 1 0 1 0
sp77 1 1 1 0 1 1 1 1 1 0 1 1 1 0 1 0 1 1 0 1 1 0 1 0 1 1 0 1 1 1
sp78 0 0 1 1 1 1 1 0 1 0 1 1 0 0 0 1 1 1 1 1 0 1 0 1 1 1 1 1 0 1
sp79 1 1 0 0 0 1 0 0 1 1 0 0 0 0 0 1 1 0 1 1 1 1 1 1 1 1 1 1 1 0
sp80 1 1 1 1 1 0 1 1 1 1 1 0 1 1 1 1 1 0 1 1 0 1 1 0 1 1 1 1 0 1
sp81 0 1 1 1 1 1 1 1 1 0 1 1 1 1 1 1 1 1 0 0 0 1 1 0 1 0 1 1 1 1
sp82 0 0 0 1 1 1 0 1 1 0 0 0 0 1 0 1 0 1 1 1 1 1 0 1 1 1 1 1 0 1
sp83 1 1 0 0 1 1 0 1 1 0 1 1 1 1 1 1 1 0 1 0 1 1 1 0 1 1 1 1 1 1
sp84 0 1 1 0 1 0 1 1 1 1 0 0 1 0 1 1 1 1 0 1 0 1 1 1 1 1 1 1 1 0
sp85 0 1 1 1 1 1 1 1 1 1 0 0 0 0 0 1 0 1 0 1 0 0 1 1 1 1 1 0 1 1
sp86 1 0 1 0 0 1 1 1 1 1 1 1 0 1 1 0 1 1 1 1 1 0 0 0 1 0 1 0 0 1
sp87 1 1 1 1 1 0 0 0 1 1 1 1 1 1 1 1 0 1 0 1 1 0 1 1 0 1 1 1 0 0
sp88 1 0 1 1 0 0 0 1 0 1 1 1 1 1 1 0 0 1 0 0 1 1 0 0 1 1 0 1 1 0
sp89 0 1 1 1 1 1 1 1 0 1 1 0 0 1 0 1 1 1 1 1 0 1 0 1 1 1 1 1 1 0
sp90 0 1 0 1 1 1 0 1 1 1 1 0 0 1 1 1 0 0 1 0 1 1 1 0 0 1 1 1 1 0
sp91 1 0 0 0 0 1 1 1 0 1 1 1 1 0 0 1 0 1 1 1 0 1 1 0 0 1 1 1 1 1
sp92 1 0 0 1 1 0 1 1 1 1 1 0 1 1 1 1 1 1 1 1 1 1 1 0 0 1 0 1 1 1
sp93 1 1 1 0 1 0 1 1 0 1 1 1 1 1 0 0 1 1 1 1 1 1 1 1 1 1 0 1 0 1
sp94 1 0 1 1 1 1 0 1 1 1 0 0 1 0 1 1 1 1 1 0 1 1 0 0 1 1 0 0 0 1
sp95 0 1 0 1 1 1 0 1 1 1 1 0 0 0 0 1 1 1 1 1 0 1 1 1 0 1 1 1 1 1
sp96 1 1 0 0 1 1 1 0 1 1 1 1 1 1 0 0 0 0 1 0 1 1 1 1 0 0 1 1 0 0
sp97 1 1 1 1 0 1 0 1 1 1 0 0 1 0 1 0 1 0 1 0 1 1 1 1 1 0 1 0 0 1
sp98 1 0 1 1 1 0 0 0 1 1 1 1 0 1 1 1 1 1 0 1 1 1 1 1 1 1 0 1 1 1
sp99 0 1 1 0 1 1 1 0 1 1 1 1 1 0 1 1 0 0 1 1 1 0 0 0 1 1 1 1 1 1
sp100 1 1 1 1 1 0 1 1 1 0 0 0 0 1 1 1 1 0 1 0 1 1 1 1 1 0 1 1 1 1
