100 30
sp1 1 1 1 1 1 1 1 1 1 1 1 1 1 1 1 1 1 1 1 1 1 1 1 1 1 1 1 1 1 1
sp2 1 1 1 1 1 1 1 1 1 1 1 1 1 1 1 1 1 1 1 1 1 1 1 1 1 1 1 1 1 1
sp3 1 1 1 1 1 1 1 1 1 1 1 0 1 1 1 1 1 1 1 1 1 1 1 1 1 1 1 1 1 1
sp4 1 1 1 1 1 1 1 0 1 1 1 0 1 1 1 1 1 1 1 1 1 1 1 1 1 1 1 1 1 1
sp5 1 1 1 0 1 1 1 1 1 1 1 1 1 1 0 1 1 1 1 1 1 1 1 1 1 1 1 1 1 1
sp6 1 1 1 0 1 1 1 1 1 1 1 1 1 1 0 1 0 1 1 1 1 0 1 1 1 1 1 1 1 1
sp7 1 1 0 1 1 1 1 1 1 1 1 1 1 1 1 1 1 1 1 1 1 1 1 1 1 1 1 1 1 1
sp8 1 1 1 1 1 1 1 1 1 1 1 1 1 1 0 1 1 1 1 1 1 1 1 1 1 1 1 1 1 1
sp9 1 1 1 1 1 1 1 1 1 1 1 1 1 1 1 1 1 1 1 1 1 1 1 1 1 1 1 1 1 1
sp10 1 1 1 1 1 1 1 1 1 1 1 1 1 1 1 1 1 1 1 1 1 1 1 1 1 1 1 1 1 1
sp11 1 1 0 1 1 1 1 1 1 1 1 1 1 1 1 1 1 1 1 1 1 1 1 0 1 1 1 1 1 1
sp12 1 0 1 1 1 1 1 1 1 1 1 1 1 1 1 0 1 1 1 1 1 1 1 1 1 1 1 1 1 1
sp13 1 1 1 1 1 1 1 1 1 1 1 1 1 0 1 1 1 1 1 1 1 1 1 1 1 1 1 1 1 1
sp14 1 1 1 1 1 1 1 1 1 1 0 1 1 1 1 1 1 1 0 1 1 1 1 1 1 1 1 1 1 1
sp15 1 1 1 1 1 1 1 1 1 1 1 1 1 1 1 1 1 1 1 1 1 1 1 1 0 1 1 1 1 1
sp16 1 1 1 1 1 1 1 1 1 1 1 1 1 1 1 1 1 1 1 1 1 1 1 1 1 1 1 1 1 1
sp17 1 1 1 1 1 1 1 1 1 1 1 1 1 1 1 1 1 1 1 1 1 0 1 1 1 1 1 1 1 1
sp18 1 1 1 1 1 1 1 1 1 1 1 1 1 1 1 1 1 1 1 1 1 1 1 1 1 1 1 1 1 1
sp19 1 1 1 1 1 1 1 1 1 1 1 1 1 1 1 1 1 1 1 1 1 1 1 1 1 1 1 1 1 1
sp20 1 1 1 1 1 1 1 1 1 1 1 1 0 1 0 1 1 1 1 1 1 1 1 1 1 1 1 1 1 0
sp21 1 1 1 1 1 1 1 1 1 1 1 1 1 1 1 1 1 1 1 1 1 1 1 1 1 1 1 1 1 1
sp22 0 1 1 1 1 1 1 1 1 1 1 1 1 1 1 1 1 1 1 1 1 1 1 1 1 1 1 0 0 1
sp23 1 1 1 1 0 1 0 1 1 1 1 1 1 1 1 1 1 1 1 1 0 1 1 1 1 1 1 1 1 1
sp24 1 1 1 1 1 1 1 1 1 1 1 1 1 1 1 1 1 1 1 1 1 1 0 1 1 1 1 1 1 1
sp25 1 1 1 1 1 1 1 1 0 1 1 1 1 1 1 0 1 1 1 0 1 1 1 1 1 1 1 0 1 1
sp26 1 1 1 1 1 1 1 1 1 1 1 1 0 1 1 1 1 1 1 1 1 1 1 1 1 1 1 1 1 1
sp27 1 1 1 1 1 1 1 1 0 1 1 1 1 1 1 1 1 1 1 1 1 1 1 1 0 0 1 1 1 1
sp28 1 1 1 1 1 1 1 1 1 0 1 1 1 1 1 1 1 1 0 1 1 0 1 1 1 1 1 1 1 1
sp29 1 1 1 1 1 1 1 1 1 0 1 1 1 1 1 1 1 1 1 1 1 1 0 1 1 1 1 1 1 1
sp30 1 1 1 1 1 1 1 1 1 1 1 1 1 1 1 1 1 1 1 1 1 1 1 0 1 1 1 1 1 1
sp31 1 1 1 1 1 1 0 1 1 1 1 1 1 1 1 1 1 1 1 1 1 1 1 1 1 1 1 1 0 1
sp32 0 1 1 1 1 1 1 1 1 1 1 1 1 1 1 1 1 1 0 0 1 1 1 1 1 1 1 1 1 1
sp33 1 1 1 1 1 1 1 1 1 1 1 1 1 1 1 1 1 1 1 1 1 1 1 1 1 1 1 1 1 1
sp34 1 1 1 1 1 1 1 1 1 1 1 1 1 1 0 1 1 1 1 1 1 1 1 1 1 1 1 1 1 1
sp35 1 1 1 1 1 1 1 1 1 1 1 1 1 1 1 1 1 1 1 1 1 1 1 1 1 1 1 1 1 1
sp36 1 1 1 1 1 1 1 1 1 1 0 1 1 1 1 1 1 1 1 1 1 1 1 1 0 1 0 1 0 1
sp37 0 0 0 1 0 0 1 0 0 0 1 1 1 1 0 1 1 0 1 0 1 1 1 1 1 1 0 0 0 0
sp38 1 1 0 1 0 1 0 1 0 1 1 1 0 0 0 1 1 1 1 1 1 1 0 1 1 1 0 1 0 1
sp39 1 1 1 0 0 1 1 1 1 0 0 1 0 0 1 1 1 1 1 0 1 1 1 1 1 1 1 1 0 0
sp40 0 1 1 1 1 1 0 1 1 1 1 1 1 0 0 0 1 0 1 1 1 1 1 1 1 1 1 0 1 1
sp41 0 1 1 1 0 0 1 0 1 0 1 1 1 1 1 0 1 1 1 1 1 1 0 1 1 1 0 1 1 0
sp42 0 0 1 1 1 0 1 1 0 1 1 0 1 0 1 1 0 1 1 1 1 0 1 1 1 1 1 1 1 1
sp43 1 1 0 0 1 0 0 1 1 1 1 1 1 1 1 1 0 0 0 1 1 1 1 1 1 1 1 0 1 0
sp44 0 1 1 0 1 1 1 0 1 1 0 0 0 1 1 0 1 0 0 0 0 1 0 1 1 1 1 1 1 1
sp45 0 0 0 0 1 0 1 1 1 1 0 1 1 1 1 1 1 1 0 0 0 1 0 0 1 0 1 1 0 0
sp46 0 1 1 1 0 1 1 0 1 1 1 1 1 1 1 0 0 1 1 0 0 1 0 0 1 1 0 1 1 0
sp47 1 1 1 1 1 1 1 1 1 1 1 1 1 0 0 1 1 0 0 1 1 1 1 0 1 1 1 1 0 1
sp48 1 1 0 1 1 1 0 0 0 1 1 1 1 1 1 1 0 0 0 1 0 0 1 1 1 0 0 1 1 0
sp49 1 1 1 1 0 1 1 1 1 0 1 0 1 1 1 0 1 0 1 1 1 0 0 0 1 0 0 0 0 1
sp50 0 0 0 0 1 1 0 0 0 0 1 1 0 1 0 1 1 0 1 1 1 1 0 0 1 1 1 1 1 1
sp51 1 1 1 1 1 0 1 0 1 1 1 0 1 0 1 1 1 1 0 1 0 1 1 1 1 1 1 0 1 1
sp52 1 0 1 0 1 0 1 0 1 0 1 0 1 1 1 1 1 1 1 1 1 1 1 0 1 1 1 1 1 0
sp53 1 0 0 1 1 1 0 0 0 1 0 0 1 1 1 0 0 1 0 0 1 0 0 1 0 0 0 1 0 1
sp54 1 1 0 1 1 1 1 1 0 1 1 1 0 1 1 1 1 1 0 1 0 1 1 0 1 1 0 0 1 0
sp55 1 0 1 1 0 0 0 1 1 0 0 1 1 1 1 1 1 0 1 1 0 0 1 1 0 1 1 1 0 1
sp56 0 0 1 1 1 0 1 0 1 0 1 1 1 0 0 1 1 1 0 1 1 1 1 0 1 1 0 1 1 1
sp57 1 1 0 1 1 0 1 1 1 1 1 0 0 1 1 1 0 1 0 1 1 1 1 1 1 0 0 1 1 1
sp58 1 1 1 1 0 0 0 1 1 1 0 0 1 1 1 1 0 1 1 1 0 0 1 1 0 0 1 1 1 0
sp59 1 1 1 1 1 1 1 1 1 1 1 1 1 1 1 0 0 1 1 0 1 1 1 1 1 0 0 1 1 1
sp60 1 1 1 1 1 0 1 1 1 0 0 1 1 1 1 0 1 0 1 0 1 0 1 1 0 1 1 1 1 1
sp61 1 1 0 0 0 1 0 1 1 1 1 0 0 0 0 1 1 1 1 1 1 0 1 1 1 1 1 1 1 1
sp62 1 1 0 1 0 0 1 0 1 0 1 0 1 1 1 0 1 1 0 0 1 0 0 1 1 1 1 1 1 1
sp63 1 0 1 1 0 1 1 1 1 1 1 1 1 1 0 1 1 0 1 0 1 1 0 0 0 0 1 0 1 1
sp64 1 0 1 1 1 0 1 1 0 1 0 1 0 0 1 0 0 0 1 0 0 0 0 1 1 1 1 1 1 1
sp65 1 0 0 0 0 1 1 1 1 1 1 1 1 1 0 1 0 1 1 1 1 1 1 1 0 0 0 0 1 0
sp66 0 1 1 1 1 1 1 1 0 1 1 1 1 1 0 1 1 0 1 1 0 0 0 0 1 1 0 1 0 1
sp67 1 0 0 1 0 0 1 1 1 1 1 0 1 1 1 0 1 1 1 1 1 1 0 1 1 0 1 0 1 0
sp68 1 1 1 1 0 0 1 0 1 1 1 1 0 0 1 0 1 1 1 0 0 0 1 0 1 1 1 1 0 1
sp69 1 1 1 0 1 1 1 0 1 0 0 0 0 0 1 0 1 1 1 1 0 1 1 1 1 1 1 1 1 1
sp70 1 1 1 1 1 1 0 1 1 1 0 1 1 1 1 1 0 0 1 1 0 0 1 0 1 0 0 1 1 1
sp71 0 1 0 1 0 0 1 0 1 1 0 1 1 1 0 1 1 1 1 1 1 0 1 1 0 1 1 0 1 0
sp72 1 1 1 1 1 1 1 0 1 0 1 1 0 1 1 1 1 1 1 1 1 1 1 1 0 1 1 1 1 0
sp73 1 0 0 0 1 1 0 1 1 1 0 1 0 1 1 0 1 1 1 1 1 0 1 1 1 0 0 1 1 1
sp74 0 0 1 0 1 1 0 1 0 0 1 1 1 1 1 1 0 1 0 1 1 1 1 1 0 0 1 0 1 1
sp75 0 1 0 1 1 1 0 1 0 1 1 1 1 0 1 1 0 1 1 0 1 1 1 0 0 0 1 0 0 0
sp76 0 1 1 1 1 1 1 1 1 0 1 1 0 0 0 1 0 1 1 1 0 1 0 0 0 1 1 1 0 1
sp77 0 1 1 0 0 1 0 1 0 1 1 1 1 0 1 1 1 1 1 0 1 0 1 0 1 0 1 1 1 1
sp78 1 1 1 0 0 1 0 0 1 0 0 1 1 1 1 1 0 0 1 1 1 1 1 1 0 1 1 0 1 0
sp79 0 0 0 1 1 0 1 1 0 0 1 0 1 0 1 0 1 1 0 0 0 1 1 1 1 1 0 1 0 1
sp80 1 0 0 0 1 1 1 1 1 1 0 0 1 1 0 1 1 0 1 1 1 1 1 1 1 1 1 0 1 0
sp81 1 1 1 1 1 1 0 1 1 1 0 0 0 1 0 1 1 1 1 0 0 1 0 0 0 0 1 1 0 1
sp82 1 0 1 0 1 0 1 0 0 1 1 1 1 1 1 1 0 1 0 1 1 1 0 0 0 1 0 1 1 1
sp83 1 0 1 0 1 0 0 1 1 1 1 1 0 1 1 0 0 1 0 1 1 1 0 0 1 0 0 0 1 1
sp84 1 1 1 0 1 1 0 1 1 1 0 1 0 1 1 0 1 0 0 1 0 1 1 1 1 1 1 1 0 0
sp85 1 1 1 1 1 1 0 0 0 0 1 1 1 1 0 0 1 1 0 0 0 1 0 1 0 1 1 1 0 1
sp86 0 1 1 0 1 1 1 1 0 1 1 1 1 0 1 1 0 1 1 1 1 1 1 1 0 1 1 0 0 1
sp87 1 1 1 1 0 0 1 0 1 1 0 0 0 0 1 1 1 0 1 0 1 1 1 0 1 0 1 1 1 0
sp88 1 0 0 1 0 1 1 1 0 1 1 0 0 0 1 1 1 0 1 1 1 1 1 1 1 1 1 1 1 0
sp89 0 1 1 1 1 1 1 1 0 0 0 1 1 0 0 1 0 0 1 0 1 1 1 1 1 0 0 0 1 1
sp90 1 1 1 1 1 1 0 1 1 1 1 0 1 1 1 0 1 1 1 1 0 0 1 0 0 1 1 0 1 1
sp91 0 0 0 0 0 1 0 0 0 0 0 0 0 0 0 0 0 0 0 0 0 0 0 0 0 0 0 0 0 0
sp92 0 0 0 0 0 0 1 0 0 0 0 0 0 0 0 0 0 0 0 0 0 0 0 0 0 0 0 0 0 0
sp93 0 0 0 0 0 0 0 0 0 0 0 0 0 0 0 1 0 0 0 0 0 0 0 0 0 0 0 0 0 0
sp94 0 0 0 0 0 0 0 0 0 0 0 0 0 0 0 0 0 0 0 0 0 0 0 1 0 0 0 0 0 0
sp95 0 0 0 0 0 0 0 0 0 0 0 0 0 0 0 0 0 0 0 0 0 0 0 0 0 0 0 0 0 1
sp96 0 0 1 0 0 0 0 0 0 0 0 0 0 0 0 0 0 0 0 0 0 0 0 0 0 0 0 0 0 0
sp97 0 0 0 0 0 0 0 0 0 0 0 0 0 0 1 0 0 0 0 0 0 0 0 0 0 0 0 0 0 0
sp98 0 0 0 0 0 0 1 0 0 0 0 0 0 0 0 0 0 0 0 0 0 0 0 0 0 0 0 0 0 0
sp99 0 0 0 0 0 0 0 0 0 0 0 0 0 0 0 0 0 0 0 0 0 0 0 1 0 0 0 0 0 0
sp100 0 0 0 0 0 0 0 0 0 0 0 0 0 0 0 0 0 0 0 1 0 0 0 0 0 0 0 0 0 0
