100 10
sp1 1 1 1 1 1 1 1 1 1 1
sp2 1 1 1 1 1 1 1 1 1 1
sp3 1 1 1 1 1 1 1 1 0 0
sp4 1 1 1 1 1 1 1 1 1 1
sp5 1 1 1 1 1 1 1 1 1 1
sp6 1 0 1 1 1 1 0 0 1 0
sp7 1 1 1 1 1 1 1 1 1 1
sp8 1 1 1 1 1 1 1 1 1 1
sp9 1 1 1 1 1 1 1 1 1 1
sp10 1 0 1 1 1 1 1 1 0 1
sp11 1 1 0 0 0 1 1 1 1 1
sp12 1 1 1 1 1 0 0 1 1 1
sp13 0 1 1 1 1 1 1 1 1 0
sp14 1 1 1 1 0 1 1 1 1 1
sp15 1 1 1 1 0 0 1 1 1 1
sp16 1 1 1 1 1 1 1 1 1 0
sp17 0 1 1 1 1 1 1 1 1 1
sp18 1 1 0 1 1 1 1 1 0 1
sp19 1 1 1 1 1 1 1 1 1 1
sp20 0 1 0 1 1 1 1 1 1 1
sp21 0 1 0 1 1 1 1 1 1 0
sp22 1 1 1 1 1 1 1 1 1 1
sp23 1 1 1 1 1 1 1 1 1 1
sp24 1 1 1 1 1 0 1 1 1 1
sp25 1 1 1 1 1 1 1 1 1 1
sp26 1 1 1 1 1 1 0 1 1 1
sp27 1 1 1 0 1 1 1 0 1 1
sp28 1 1 1 1 1 1 1 1 0 1
sp29 1 1 1 1 1 0 1 1 1 0
sp30 1 1 1 1 1 1 1 1 1 1
sp31 1 1 0 1 1 1 1 1 1 1
sp32 0 1 1 1 1 1 1 1 1 0
sp33 1 0 1 1 1 1 1 1 1 1
sp34 1 1 1 1 0 0 0 1 1 1
sp35 1 1 1 1 1 1 1 1 0 1
sp36 0 1 1 0 0 1 0 1 1 0
sp37 0 0 0 1 0 0 0 1 0 0
sp38 1 0 1 0 0 0 0 0 1 0
sp39 0 1 1 0 0 1 1 1 0 0
sp40 0 0 0 1 0 0 0 0 0 1
sp41 0 0 0 0 1 1 1 1 1 1
sp42 0 0 0 0 0 0 1 1 1 1
sp43 1 0 0 0 1 0 1 0 0 1
sp44 1 0 0 0 1 1 1 0 0 0
sp45 1 0 0 0 0 0 1 0 0 1
sp46 0 0 1 1 1 0 0 0 0 0
sp47 1 0 0 0 1 1 0 1 1 0
sp48 0 0 0 0 0 1 0 0 1 1
sp49 1 1 0 1 0 0 0 0 0 0
sp50 0 0 1 1 1 0 0 0 0 0
sp51 0 0 0 1 0 1 0 0 0 1
sp52 0 0 1 1 0 0 0 1 1 0
sp53 0 1 0 0 0 0 1 0 0 0
sp54 1 0 0 0 0 1 0 0 0 1
sp55 0 0 0 1 0 0 0 1 1 0
sp56 0 0 1 1 1 0 1 0 0 0
sp57 0 0 0 0 0 0 0 0 1 1
sp58 1 0 0 1 0 0 0 0 1 1
sp59 1 1 0 0 0 0 0 0 1 0
sp60 1 0 0 0 0 1 0 0 0 0
sp61 1 1 0 0 0 1 0 1 0 0
sp62 1 1 1 0 0 0 0 0 0 1
sp63 0 0 1 0 1 0 0 0 0 0
sp64 1 1 0 0 0 0 0 0 1 0
sp65 0 1 0 1 1 0 0 0 0 0
sp66 0 0 0 1 0 1 0 0 1 0
sp67 0 0 0 0 0 1 1 0 0 0
sp68 0 0 0 0 0 0 0 0 1 1
sp69 0 0 0 0 0 0 1 0 0 1
sp70 1 0 0 0 1 1 0 0 0 0
sp71 0 1 1 1 1 0 1 0 0 0
sp72 0 0 0 1 0 0 1 0 0 1
sp73 0 1 1 0 0 1 0 0 0 0
sp74 0 0 0 0 0 0 0 0 1 1
sp75 0 0 1 1 1 1 0 0 0 0
sp76 0 0 0 0 0 0 0 1 1 0
sp77 0 1 0 1 0 0 1 1 0 1
sp78 0 1 1 0 1 1 1 1 1 1
sp79 1 1 0 0 0 0 0 1 0 0
sp80 0 1 1 0 1 0 1 0 1 0
sp81 0 0 1 0 0 0 0 0 1 1
sp82 1 0 0 0 1 0 0 0 0 0
sp83 1 0 0 0 0 0 0 0 0 1
sp84 0 1 1 0 0 0 1 0 0 0
sp85 0 1 0 0 0 0 0 1 0 0
sp86 0 0 0 0 1 1 0 0 0 0
sp87 0 0 0 0 0 0 0 0 1 1
sp88 0 0 0 0 1 0 1 0 0 0
sp89 1 0 1 0 1 0 1 0 0 1
sp90 1 1 1 0 0 1 1 1 0 0
sp91 0 0 0 1 0 0 0 0 0 0
sp92 0 0 0 0 0 0 0 0 0 1
sp93 0 0 0 0 0 1 0 0 0 0
sp94 0 0 0 0 0 0 0 1 0 0
sp95 0 0 1 0 0 0 0 0 0 0
sp96 0 0 0 0 0 1 0 0 0 0
sp97 1 0 0 0 0 0 0 0 0 0
sp98 0 0 0 0 0 0 0 1 0 0
sp99 0 0 0 0 1 0 0 0 0 0
sp100 0 0 1 0 0 0 0 0 0 0
