100 10
sp1 1 1 1 1 1 1 1 1 1 1
sp2 1 1 1 1 1 1 1 1 1 1
sp3 1 1 1 1 1 1 1 1 1 1
sp4 1 1 1 1 1 1 1 1 1 1
sp5 1 1 1 1 1 1 1 1 1 1
sp6 1 0 1 1 1 1 1 1 1 1
sp7 1 1 1 1 1 1 1 1 1 1
sp8 1 1 1 1 1 1 1 1 1 1
sp9 1 0 1 1 1 1 1 1 1 1
sp10 1 1 1 1 1 1 1 1 1 1
sp11 1 1 1 1 1 1 1 1 1 1
sp12 1 1 1 1 1 1 1 1 0 0
sp13 1 1 1 1 1 1 1 1 1 1
sp14 1 1 1 1 1 1 1 1 1 1
sp15 1 1 1 1 1 1 1 1 1 1
sp16 1 1 1 1 1 1 1 1 1 1
sp17 1 1 0 1 1 1 1 1 1 1
sp18 1 1 1 1 1 1 0 1 1 1
sp19 1 1 0 0 1 0 1 1 1 1
sp20 1 1 1 1 1 1 1 1 1 1
sp21 1 1 1 1 1 1 0 1 1 1
sp22 1 1 1 1 1 1 1 1 1 1
sp23 1 1 1 1 1 1 1 1 1 1
sp24 1 1 1 1 1 1 1 1 1 1
sp25 1 1 1 1 1 1 1 1 1 1
sp26 1 1 1 1 1 1 1 1 1 1
sp27 0 1 1 1 1 1 1 1 1 1
sp28 1 1 1 1 1 1 1 1 1 1
sp29 1 1 1 1 1 1 0 1 1 1
sp30 1 1 1 1 1 1 1 1 1 1
sp31 1 0 1 1 1 1 1 0 1 1
sp32 1 1 1 1 0 1 1 1 1 1
sp33 1 1 1 1 1 1 1 1 1 1
sp34 1 1 1 1 1 1 1 1 1 1
sp35 1 1 1 1 1 1 0 1 1 1
sp36 1 1 1 1 1 1 1 1 1 0
sp37 1 1 1 1 1 1 1 1 1 1
sp38 1 1 1 1 1 1 1 1 1 1
sp39 1 1 1 1 1 1 1 1 0 1
sp40 1 1 1 1 1 1 1 0 1 1
sp41 0 1 0 0 0 0 0 1 0 0
sp42 1 0 1 0 0 0 0 0 1 1
sp43 1 0 0 1 1 0 0 1 0 1
sp44 0 0 0 0 0 0 1 0 0 1
sp45 1 0 0 1 0 1 0 1 0 1
sp46 0 0 1 1 1 1 0 0 1 0
sp47 1 1 1 1 0 1 0 0 0 0
sp48 1 1 0 1 0 0 0 1 1 1
sp49 1 1 1 1 0 1 1 1 0 1
sp50 1 0 1 1 0 0 0 0 0 0
sp51 0 0 1 1 0 0 1 1 1 1
sp52 0 1 1 0 1 1 1 0 0 0
sp53 1 1 0 1 0 1 1 0 1 0
sp54 0 0 1 0 1 0 0 0 1 0
sp55 1 0 1 0 1 1 1 0 1 0
sp56 1 1 1 0 0 1 0 0 1 0
sp57 1 0 0 1 1 1 1 1 1 0
sp58 0 1 1 0 0 0 1 0 0 0
sp59 0 0 1 1 1 1 1 1 0 1
sp60 1 0 0 1 0 0 0 1 1 1
sp61 0 1 1 1 0 1 0 1 0 1
sp62 0 1 0 0 1 1 1 1 1 0
sp63 1 0 0 0 1 0 1 1 1 0
sp64 0 1 0 1 0 1 0 1 1 1
sp65 1 0 1 1 1 1 1 0 0 1
sp66 1 1 1 1 1 1 1 0 0 1
sp67 0 0 0 1 0 0 1 1 1 1
sp68 0 0 1 0 1 0 0 1 1 0
sp69 0 1 0 0 0 0 0 0 1 1
sp70 1 1 0 1 0 0 1 1 0 0
sp71 1 1 1 0 1 0 1 1 1 0
sp72 0 1 0 0 1 1 1 1 1 0
sp73 0 1 1 0 1 1 0 1 0 1
sp74 1 0 1 0 0 1 1 1 1 1
sp75 0 0 1 1 1 0 0 0 1 0
sp76 0 1 0 0 1 0 1 0 1 0
sp77 1 1 1 1 1 0 0 1 0 0
sp78 1 1 1 0 1 0 1 0 0 1
sp79 1 1 1 1 0 1 0 1 0 0
sp80 0 1 1 1 1 0 1 1 0 1
sp81 0 0 1 1 0 0 0 0 1 1
sp82 1 1 0 0 0 1 1 1 0 1
sp83 1 0 0 0 0 1 1 1 1 1
sp84 0 1 1 0 0 0 0 0 0 0
sp85 1 1 0 1 1 1 0 0 1 1
sp86 0 1 0 1 1 0 1 0 1 0
sp87 0 1 0 0 0 1 1 1 1 0
sp88 1 0 0 1 1 0 0 1 0 0
sp89 1 1 1 0 0 1 1 0 1 1
sp90 0 1 0 1 1 1 1 0 1 1
sp91 0 0 0 1 1 1 1 1 1 0
sp92 1 0 0 1 1 1 0 0 1 0
sp93 1 1 1 1 0 1 1 0 0 1
sp94 0 1 1 0 1 1 1 1 0 1
sp95 0 1 1 0 1 0 0 0 0 1
sp96 1 0 0 0 0 0 1 0 0 0
sp97 1 0 0 0 1 1 1 1 0 1
sp98 0 0 1 1 1 0 1 1 0 1
sp99 0 0 1 0 0 0 0 1 1 1
sp100 1 1 0 0 1 1 1 0 1 1
