100 30
sp1 1 1 1 1 1 1 1 1 1 1 1 1 1 1 1 1 1 1 1 1 1 1 1 1 1 1 1 1 1 1
sp2 1 1 1 1 1 1 1 1 1 1 1 1 1 1 1 1 1 1 1 1 1 1 1 1 1 1 1 1 1 1
sp3 1 1 1 0 1 1 1 1 1 1 1 1 1 0 1 1 1 1 1 1 1 1 1 1 1 1 1 1 1 1
sp4 1 1 1 1 1 1 1 1 1 1 1 0 1 1 1 1 1 1 1 1 1 1 1 1 1 1 1 1 1 1
sp5 1 1 1 1 1 1 1 1 1 1 1 1 1 1 1 1 1 1 1 1 1 1 1 1 1 0 1 1 1 1
sp6 1 1 1 1 1 1 1 1 1 1 1 1 1 1 1 1 1 1 1 1 1 1 1 1 1 1 1 1 1 1
sp7 1 1 1 1 1 1 1 1 1 1 1 1 1 1 1 1 1 1 1 1 1 1 1 1 1 1 1 1 1 1
sp8 1 1 1 1 1 0 1 1 1 1 1 1 1 1 1 1 1 1 1 1 1 1 1 1 1 1 1 1 1 1
sp9 1 1 1 1 1 1 1 1 1 1 1 1 1 1 1 1 1 1 1 1 1 1 1 1 1 1 1 1 1 1
sp10 1 1 1 1 1 1 1 1 1 1 1 1 1 1 1 1 1 1 1 1 1 1 1 1 1 1 1 1 1 1
sp11 1 1 1 1 1 1 1 1 1 1 1 1 1 1 1 1 1 1 1 1 1 1 1 1 1 1 1 1 1 1
sp12 1 1 1 1 1 0 1 1 1 1 1 0 1 1 1 1 1 1 1 1 1 1 1 1 1 1 1 1 1 0
sp13 1 1 1 1 1 1 1 1 1 1 1 1 0 1 1 1 1 1 0 1 1 1 1 1 1 1 1 0 1 1
sp14 1 0 1 1 1 1 1 1 1 0 1 1 0 1 1 1 1 1 1 1 0 1 1 1 1 1 1 1 1 0
sp15 1 1 1 1 1 1 1 1 1 1 1 1 1 1 1 1 1 1 0 1 1 1 1 1 1 1 1 1 1 1
sp16 1 1 1 0 1 1 1 1 1 1 1 1 1 1 1 1 1 1 1 1 1 1 1 1 1 1 1 1 1 1
sp17 1 1 1 1 1 1 1 1 1 1 1 0 1 1 1 1 1 1 1 1 1 1 1 1 1 1 1 1 1 1
sp18 1 1 1 1 1 1 1 1 1 1 1 1 1 1 1 1 1 1 1 1 1 1 1 1 1 0 1 1 1 1
sp19 1 1 1 1 1 1 1 1 1 1 1 1 1 1 1 1 1 1 1 1 1 1 1 1 1 1 1 1 1 1
sp20 1 1 1 1 1 1 1 1 1 1 1 1 1 1 1 1 1 1 1 1 1 1 1 0 1 1 1 1 1 1
sp21 1 1 0 0 1 1 1 1 1 1 1 1 1 1 1 1 1 1 1 1 1 1 1 1 1 1 1 1 1 1
sp22 1 1 0 1 1 0 1 1 1 1 0 1 1 1 1 1 1 1 0 1 1 1 1 1 1 1 1 1 1 1
sp23 1 1 1 1 1 1 1 1 1 1 1 1 1 1 0 1 0 1 1 1 1 1 1 1 1 1 1 1 1 1
sp24 1 1 1 1 1 1 1 1 1 1 1 1 1 1 1 1 1 1 1 0 1 1 1 1 1 1 1 1 1 1
sp25 1 1 1 1 1 1 1 1 1 1 1 1 1 1 1 1 1 1 1 1 1 0 1 1 0 1 0 1 1 1
sp26 1 1 1 1 1 1 1 1 1 1 1 1 1 1 1 1 1 1 1 1 1 1 1 1 1 1 1 1 1 1
sp27 1 0 1 0 1 0 1 1 1 1 1 1 1 1 1 1 1 1 1 1 1 1 1 0 1 1 1 1 1 1
sp28 1 1 1 1 1 1 1 1 1 1 1 1 0 1 1 1 1 1 1 1 1 1 1 1 1 1 1 1 1 1
sp29 1 1 1 1 1 1 1 1 1 1 1 0 1 1 1 1 1 1 1 1 1 1 1 1 1 1 1 1 1 1
sp30 1 1 1 1 1 1 1 1 1 1 1 1 1 1 1 1 1 1 1 1 1 1 1 1 1 1 1 1 1 1
sp31 1 1 1 1 1 1 1 0 1 1 1 1 1 1 1 1 1 1 1 1 1 1 1 1 1 1 1 1 1 1
sp32 1 1 1 1 1 1 1 1 1 1 1 1 1 0 1 1 1 1 1 1 1 1 1 1 1 1 1 1 1 0
sp33 1 1 1 1 1 1 1 1 1 1 1 1 1 1 1 1 1 1 1 1 1 1 1 1 1 1 1 1 1 1
sp34 1 0 1 0 1 1 1 1 1 1 1 1 1 1 0 0 1 1 1 1 0 1 1 1 1 1 1 1 1 1
sp35 0 1 1 1 1 1 1 1 1 1 1 1 0 1 1 1 1 1 1 1 1 1 1 1 1 0 1 1 1 1
sp36 1 1 1 1 1 1 1 1 1 1 1 1 1 1 1 1 1 1 1 1 1 1 0 1 1 1 1 1 1 1
sp37 1 1 1 1 1 1 0 1 1 1 0 1 1 1 1 1 1 1 1 1 1 1 1 1 1 1 1 1 1 1
sp38 1 1 1 1 1 1 1 1 1 1 1 1 1 1 1 1 1 1 1 1 1 1 1 1 1 1 1 1 1 1
sp39 1 0 0 1 0 1 1 0 0 0 1 1 0 0 0 1 1 1 1 1 0 1 0 0 1 1 0 1 1 1
sp40 1 0 0 1 1 1 0 1 1 0 0 0 0 0 0 1 1 1 0 1 0 0 0 0 1 1 1 0 0 1
sp41 1 0 1 0 0 0 0 1 0 1 0 0 0 1 1 0 1 1 0 0 1 1 0 0 0 0 1 1 0 1
sp42 1 0 0 1 0 0 1 1 1 1 0 1 0 1 0 1 1 1 1 1 0 0 0 0 0 1 1 1 0 0
sp43 1 1 0 1 0 1 1 1 0 0 1 1 1 1 0 1 0 0 1 0 0 1 1 0 0 1 0 0 1 1
sp44 0 1 1 1 1 1 0 1 1 1 0 1 0 0 0 1 1 0 1 0 1 0 0 1 1 0 0 1 1 0
sp45 1 0 0 0 1 1 1 0 1 0 1 0 1 1 1 1 0 0 0 1 0 0 0 1 0 1 0 0 0 1
sp46 1 0 1 0 0 0 1 1 1 0 1 1 1 0 1 1 1 0 0 1 0 0 1 1 1 0 0 0 1 1
sp47 1 0 1 0 0 0 0 1 1 1 1 1 0 0 1 0 0 1 1 1 1 1 1 0 0 1 1 0 1 1
sp48 1 1 0 0 1 0 1 1 1 1 1 1 0 0 1 0 0 0 0 1 1 1 1 1 1 1 0 1 0 1
sp49 0 1 1 1 0 0 1 1 1 1 1 0 1 0 1 1 0 0 0 0 0 0 0 1 1 0 1 1 1 1
sp50 0 1 0 0 1 0 0 0 1 1 0 1 0 1 1 1 1 0 1 1 1 1 1 0 0 1 0 1 0 0
sp51 0 1 0 1 0 0 0 0 0 0 0 0 1 1 0 0 0 0 0 0 1 1 1 0 0 0 0 1 0 0
sp52 0 1 0 1 1 1 1 1 0 0 1 1 1 0 0 0 1 1 1 1 1 1 0 1 0 1 0 1 0 1
sp53 0 0 1 1 1 1 1 1 1 1 0 1 1 0 1 0 0 1 0 1 1 1 1 1 0 0 1 0 0 1
sp54 0 1 1 1 1 1 0 0 0 1 1 1 1 1 1 0 1 1 1 0 0 1 1 1 1 0 1 1 1 1
sp55 1 1 1 1 1 1 0 1 1 0 0 1 1 1 1 0 1 1 0 0 1 1 0 1 1 1 1 0 1 1
sp56 1 0 1 1 1 1 0 1 0 1 0 0 1 1 0 1 0 0 1 1 1 0 0 1 1 1 0 1 0 0
sp57 0 0 0 0 1 0 0 1 1 0 1 1 1 0 0 1 1 0 0 0 0 1 0 1 0 1 1 1 1 1
sp58 0 1 1 0 0 0 1 0 0 0 1 1 1 1 1 1 0 1 1 1 1 1 0 1 0 1 1 0 0 0
sp59 1 0 1 1 0 0 1 0 0 0 0 0 1 1 0 1 1 0 1 1 0 1 1 0 1 0 1 0 1 0
sp60 0 1 0 1 1 1 1 0 0 1 1 1 0 1 1 1 0 0 0 1 1 1 1 1 0 1 1 1 1 0
sp61 1 1 1 1 0 1 0 1 0 1 0 0 1 0 1 0 1 1 0 0 1 0 1 1 0 1 0 0 1 0
sp62 1 1 1 1 1 1 1 1 1 0 1 1 0 1 1 1 1 1 0 1 1 1 1 1 1 1 0 1 1 1
sp63 1 0 1 1 0 1 1 1 0 0 0 1 1 1 0 1 0 0 0 0 0 0 1 0 1 0 1 0 0 1
sp64 0 1 1 1 0 0 1 0 0 1 1 0 1 1 1 1 0 1 1 0 1 1 0 1 0 1 1 1 0 0
sp65 1 1 1 1 0 1 0 0 1 1 1 1 1 1 0 1 1 1 0 1 0 1 1 1 1 0 1 0 1 0
sp66 0 1 0 1 1 0 1 1 0 1 1 0 0 1 1 1 1 1 1 1 1 0 0 0 1 0 0 0 1 1
sp67 1 0 0 1 1 1 0 1 0 1 1 1 1 1 1 1 1 1 0 0 1 0 1 0 1 0 0 1 0 1
sp68 1 1 1 1 0 1 0 1 0 1 1 0 1 0 1 0 1 1 0 1 1 0 1 1 1 1 1 1 1 1
sp69 0 0 1 1 1 1 1 1 0 1 0 1 0 1 1 0 0 0 1 0 0 1 0 0 1 1 0 1 1 1
sp70 0 1 1 0 1 1 0 0 1 0 1 0 1 0 1 1 1 0 1 1 0 1 0 1 1 0 0 1 1 1
sp71 1 1 1 0 1 1 1 0 1 1 1 1 1 1 1 0 0 1 0 0 0 0 1 1 0 1 0 1 1 1
sp72 1 1 0 1 1 1 0 1 1 1 0 1 1 0 0 0 1 1 0 0 0 1 1 1 1 0 0 0 0 1
sp73 1 0 1 0 0 1 1 0 1 1 0 1 1 0 0 0 0 0 1 1 1 0 1 0 0 1 1 0 1 1
sp74 1 1 0 1 1 0 0 0 1 1 1 0 0 1 1 1 1 1 1 1 1 1 0 1 0 0 0 1 0 1
sp75 1 1 0 1 0 1 1 1 0 0 1 1 1 1 1 0 1 0 0 0 1 1 1 1 1 0 1 1 0 0
sp76 0 0 1 1 1 1 1 0 0 1 0 1 0 1 0 0 1 0 1 1 0 0 0 0 0 0 1 1 0 1
sp77 1 1 1 1 0 1 1 1 1 0 0 0 1 0 1 0 1 1 1 0 1 1 1 0 0 1 1 1 0 0
sp78 0 0 1 1 0 0 1 0 0 1 1 0 1 0 0 0 1 0 1 1 1 1 1 1 1 1 1 0 1 0
sp79 0 0 1 1 1 1 1 1 0 0 0 1 1 1 1 0 0 0 1 0 1 0 1 1 0 0 1 1 1 0
sp80 1 0 1 0 0 1 1 0 1 0 1 0 1 1 1 0 0 1 1 0 1 0 1 0 1 1 1 0 0 0
sp81 0 1 0 0 1 1 1 1 1 1 0 1 0 1 0 1 1 0 1 0 1 1 1 0 1 1 1 1 0 1
sp82 0 1 1 0 1 0 0 0 1 1 0 1 0 0 1 0 0 1 1 0 1 1 1 1 1 0 0 1 0 0
sp83 1 1 0 1 0 0 0 1 1 0 1 0 1 1 0 1 0 1 0 0 1 0 0 1 1 1 0 0 1 0
sp84 1 1 1 1 1 1 0 0 1 0 1 1 1 0 0 1 1 1 1 0 0 0 1 0 1 1 0 0 1 0
sp85 0 0 0 1 1 1 0 1 0 1 1 0 1 1 1 1 0 1 1 1 0 1 1 1 0 1 1 1 0 0
sp86 1 1 1 0 1 0 1 1 1 0 1 0 0 1 0 1 1 0 1 0 0 1 1 0 0 0 1 0 1 1
sp87 1 1 0 0 0 1 0 1 1 1 1 1 1 0 1 1 1 1 1 1 1 0 1 1 1 1 0 1 1 1
sp88 0 1 1 0 0 1 1 0 1 1 1 1 1 1 1 1 1 1 1 1 1 0 1 0 1 1 1 1 1 1
sp89 1 0 0 1 1 1 1 1 1 1 1 0 1 0 0 1 1 0 1 1 0 0 0 1 1 1 0 0 0 0
sp90 1 1 1 1 0 1 1 0 0 0 1 1 0 1 1 0 1 1 1 1 1 1 0 0 1 1 1 0 1 0
sp91 0 1 0 0 1 0 1 0 1 1 1 1 1 1 1 0 0 0 1 1 0 0 0 1 1 1 1 0 0 1
sp92 0 1 1 0 1 1 0 0 0 1 1 1 1 0 0 1 0 1 0 0 1 0 1 1 0 0 1 1 1 1
sp93 1 1 0 0 0 0 1 1 0 1 0 1 0 0 1 1 0 1 0 1 1 1 1 1 1 0 1 1 1 1
sp94 1 0 0 0 1 0 1 0 1 0 0 0 0 1 1 0 1 1 1 1 0 1 0 1 1 1 1 1 1 1
sp95 0 1 1 1 1 1 0 1 1 0 0 1 0 1 0 0 0 0 1 1 1 1 0 0 0 1 1 0 1 1
sp96 0 0 0 0 0 0 0 0 0 0 0 0 0 0 0 1 0 0 0 0 0 0 0 0 0 0 0 0 0 0
sp97 0 0 1 0 0 0 0 0 0 0 0 0 0 0 0 0 0 0 0 0 0 0 0 0 0 0 0 0 0 0
sp98 0 0 0 0 0 0 0 0 0 0 0 0 0 0 0 0 0 0 0 1 0 0 0 0 0 0 0 0 0 0
sp99 0 0 0 0 0 0 0 0 0 0 0 0 0 0 0 0 0 0 1 0 0 0 0 0 0 0 0 0 0 0
sp100 0 0 0 1 0 0 0 0 0 0 0 0 0 0 0 0 0 0 0 0 0 0 0 0 0 0 0 0 0 0
