100 10
sp1 1 1 1 1 1 1 1 1 1 1
sp2 1 1 1 1 1 1 1 1 1 1
sp3 1 1 1 1 0 1 1 1 1 1
sp4 1 1 1 1 0 1 1 1 1 1
sp5 0 1 1 0 1 1 1 1 1 1
sp6 1 1 1 1 1 1 1 1 1 1
sp7 1 1 1 1 1 1 1 1 1 1
sp8 1 1 1 1 1 1 1 1 1 1
sp9 1 1 1 1 1 1 1 1 1 1
sp10 1 1 1 1 1 1 1 1 0 1
sp11 1 1 1 1 1 1 1 1 1 1
sp12 1 1 1 1 1 1 1 0 1 1
sp13 0 1 1 1 1 1 1 1 1 1
sp14 1 1 1 1 1 1 1 1 1 1
sp15 1 1 0 1 1 1 1 1 1 1
sp16 0 1 1 1 1 1 0 0 1 1
sp17 1 1 1 1 0 0 1 1 1 1
sp18 1 1 1 1 0 1 1 0 1 0
sp19 1 1 1 0 0 1 1 1 1 0
sp20 1 1 0 1 1 1 1 1 1 1
sp21 1 1 1 1 1 1 1 1 1 0
sp22 1 1 1 1 1 1 1 1 1 1
sp23 1 1 0 1 1 1 1 1 1 1
sp24 1 0 1 1 1 1 1 1 1 1
sp25 1 0 0 1 0 1 1 1 1 1
sp26 1 1 0 1 1 1 1 1 1 0
sp27 1 1 1 1 0 1 1 1 1 1
sp28 1 1 0 1 1 1 1 1 1 1
sp29 1 1 1 1 1 1 1 1 1 1
sp30 1 0 1 1 1 1 0 1 1 1
sp31 1 1 1 1 1 0 0 1 0 1
sp32 1 1 1 1 1 1 1 1 1 0
sp33 1 0 1 0 0 0 0 1 0 1
sp34 0 0 1 0 0 1 0 1 1 0
sp35 0 1 1 0 0 0 0 0 0 0
sp36 0 0 0 1 0 0 1 0 1 0
sp37 0 0 1 1 0 0 1 1 0 1
sp38 1 0 1 0 1 0 0 0 1 0
sp39 0 1 0 1 1 1 1 0 1 0
sp40 1 0 0 0 1 0 0 0 1 0
sp41 0 1 0 0 1 0 1 1 0 1
sp42 1 1 1 0 1 0 1 0 0 0
sp43 1 1 1 0 1 1 1 1 1 0
sp44 0 0 1 0 1 0 1 0 0 0
sp45 0 0 0 1 0 1 0 1 1 1
sp46 1 1 0 0 0 0 0 0 1 1
sp47 1 1 1 1 0 0 0 0 0 0
sp48 1 1 1 0 0 0 0 1 0 1
sp49 1 1 1 1 0 0 0 0 0 0
sp50 0 1 0 0 0 0 0 1 0 1
sp51 0 1 0 1 0 0 0 0 0 1
sp52 0 1 1 0 0 0 0 1 0 1
sp53 1 1 0 1 0 1 0 1 1 1
sp54 0 1 1 1 0 0 0 0 1 0
sp55 1 1 1 0 0 0 1 1 0 1
sp56 0 0 1 0 1 1 0 0 0 0
sp57 1 0 1 0 1 0 0 0 1 0
sp58 1 0 1 0 1 1 1 0 0 1
sp59 0 0 0 1 1 0 1 0 0 0
sp60 1 0 0 0 1 0 0 0 0 1
sp61 1 0 0 1 1 1 0 0 0 0
sp62 0 0 1 0 1 1 0 1 0 0
sp63 0 0 0 1 1 1 0 1 0 0
sp64 1 0 0 1 1 0 1 0 0 1
sp65 0 0 1 0 1 1 0 0 1 0
sp66 0 1 0 0 0 0 0 1 0 0
sp67 0 1 0 0 0 1 0 1 1 0
sp68 0 0 1 1 1 1 1 1 0 0
sp69 0 0 0 0 1 0 0 1 0 0
sp70 0 0 0 1 1 0 1 1 1 1
sp71 0 0 0 0 1 0 0 1 0 0
sp72 0 0 0 1 0 0 1 0 0 0
sp73 1 0 0 0 0 0 0 0 0 1
sp74 0 0 0 0 0 0 0 0 1 1
sp75 1 1 0 1 0 0 1 0 1 1
sp76 0 0 1 1 1 1 0 0 0 1
sp77 0 0 0 0 0 0 1 1 1 1
sp78 0 0 1 0 0 1 0 0 0 0
sp79 0 1 1 1 1 0 0 0 1 0
sp80 1 0 1 0 1 1 1 0 0 0
sp81 1 0 0 0 0 0 0 0 0 0
sp82 0 0 0 1 0 0 0 0 0 0
sp83 0 0 0 0 0 0 1 0 0 0
sp84 0 0 0 0 0 0 1 0 0 0
sp85 1 0 0 0 0 0 0 0 0 0
sp86 0 0 0 0 0 0 1 0 0 0
sp87 0 0 0 0 0 0 0 0 0 1
sp88 0 0 0 0 1 0 0 0 0 0
sp89 0 1 0 0 0 0 0 0 0 0
sp90 0 0 0 0 0 0 1 0 0 0
sp91 0 0 0 0 0 0 0 1 0 0
sp92 0 0 0 0 0 0 0 0 1 0
sp93 0 0 0 0 0 1 0 0 0 0
sp94 0 0 0 0 0 0 0 0 1 0
sp95 0 0 0 0 0 1 0 0 0 0
sp96 0 0 0 0 0 1 0 0 0 0
sp97 0 0 0 0 0 0 0 0 0 1
sp98 0 0 0 0 0 1 0 0 0 0
sp99 0 1 0 0 0 0 0 0 0 0
sp100 0 0 0 0 0 0 0 0 0 1
