100 10
sp1 0 1 0 0 0 0 1 0 1 0
sp2 1 0 1 0 0 0 0 0 0 1
sp3 1 0 1 0 0 0 1 0 0 0
sp4 1 0 0 0 0 0 0 1 0 1
sp5 1 0 0 1 1 0 0 0 0 0
sp6 0 0 1 0 1 0 1 0 0 0
sp7 0 1 0 0 0 1 0 0 1 0
sp8 0 0 0 1 1 0 0 1 0 0
sp9 0 0 0 1 0 1 0 0 1 0
sp10 1 1 0 1 0 0 0 0 0 0
sp11 0 1 0 1 0 0 0 1 0 0
sp12 1 0 0 1 0 1 0 0 0 0
sp13 1 0 0 0 1 0 1 0 0 0
sp14 0 1 0 1 0 1 0 0 0 0
sp15 1 0 1 0 0 1 0 0 0 0
sp16 0 1 1 0 0 0 0 0 0 1
sp17 0 0 0 1 0 1 0 0 1 0
sp18 0 0 0 1 0 0 1 0 0 1
sp19 0 0 0 0 0 1 0 1 0 1
sp20 1 0 0 0 0 1 1 0 0 0
sp21 0 0 0 0 0 0 0 1 1 1
sp22 0 0 0 1 0 0 1 0 0 1
sp23 0 1 0 0 0 0 0 1 0 1
sp24 1 1 0 0 0 0 0 0 0 1
sp25 0 0 1 0 0 0 1 1 0 0
sp26 1 0 0 1 0 0 1 0 0 0
sp27 0 0 1 1 0 0 1 0 0 0
sp28 0 0 0 1 1 0 0 0 1 0
sp29 1 1 0 0 0 0 1 0 0 0
sp30 0 0 1 1 1 0 0 0 0 0
sp31 0 1 0 0 0 0 0 1 0 1
sp32 1 0 1 1 0 0 0 0 0 0
sp33 1 0 1 0 0 0 0 1 0 0
sp34 0 0 0 1 1 0 0 0 1 0
sp35 0 0 1 0 0 0 1 1 0 0
sp36 0 1 1 0 0 0 1 0 0 0
sp37 1 0 0 0 1 0 1 0 0 0
sp38 0 1 0 1 0 0 0 0 1 0
sp39 0 0 0 0 1 1 0 0 0 1
sp40 0 0 0 1 0 0 0 1 0 1
sp41 1 0 1 0 0 0 0 1 0 0
sp42 1 0 0 0 0 1 1 0 0 0
sp43 0 1 0 1 0 0 0 0 1 0
sp44 0 1 0 1 0 0 0 1 0 0
sp45 1 0 0 0 0 1 0 0 0 1
sp46 0 0 0 1 0 1 1 0 0 0
sp47 1 1 0 0 1 0 0 0 0 0
sp48 1 0 1 1 0 0 0 0 0 0
sp49 0 1 0 0 1 0 1 0 0 0
sp50 1 1 0 0 0 0 0 0 1 0
sp51 0 0 1 0 0 0 0 1 1 0
sp52 0 0 0 0 0 1 1 0 0 1
sp53 1 1 0 0 0 0 0 0 1 0
sp54 0 0 1 1 0 0 1 0 0 0
sp55 1 0 1 0 1 0 0 0 0 0
sp56 1 0 0 0 0 0 1 0 0 1
sp57 1 0 1 1 0 0 0 0 0 0
sp58 0 0 0 0 1 0 1 0 1 0
sp59 0 0 0 0 1 0 1 0 0 1
sp60 0 0 1 0 0 0 1 1 0 0
sp61 0 0 1 0 0 0 1 0 1 0
sp62 1 0 0 0 1 1 0 0 0 0
sp63 1 0 0 0 1 0 0 0 1 0
sp64 0 1 0 0 0 1 1 0 0 0
sp65 0 1 0 0 1 0 0 0 0 1
sp66 0 0 0 0 0 1 0 1 0 1
sp67 0 1 1 0 0 0 0 0 0 1
sp68 0 0 1 0 1 0 0 0 1 0
sp69 0 0 1 0 0 1 1 0 0 0
sp70 0 0 1 0 0 1 1 0 0 0
sp71 1 0 0 1 0 0 0 0 1 0
sp72 0 0 1 1 1 0 0 0 0 0
sp73 0 1 0 1 0 0 0 0 1 0
sp74 0 0 1 0 1 1 0 0 0 0
sp75 1 0 0 0 0 1 0 0 0 1
sp76 0 0 1 0 1 0 0 1 0 0
sp77 1 0 0 0 0 1 0 0 0 1
sp78 0 0 0 0 1 0 0 0 1 1
sp79 0 0 0 0 0 1 0 0 1 1
sp80 0 0 0 0 0 1 1 0 0 1
sp81 0 0 1 0 1 0 0 0 0 1
sp82 0 0 0 0 0 0 1 1 0 1
sp83 0 0 0 1 0 0 1 0 1 0
sp84 1 0 1 0 0 0 0 0 0 1
sp85 0 1 0 0 0 0 0 0 1 1
sp86 0 0 0 0 1 0 1 0 0 1
sp87 0 1 1 0 0 0 0 0 1 0
sp88 0 1 1 0 0 1 0 0 0 0
sp89 0 0 0 1 0 0 1 0 0 1
sp90 0 0 1 1 0 1 0 0 0 0
sp91 0 0 0 0 0 1 1 1 0 0
sp92 0 1 0 1 0 0 1 0 0 0
sp93 0 1 0 0 0 1 0 0 1 0
sp94 0 0 0 1 1 0 1 0 0 0
sp95 0 0 1 1 0 0 1 0 0 0
sp96 0 0 0 0 0 0 1 1 0 1
sp97 0 0 0 0 0 0 1 1 0 1
sp98 0 1 0 0 0 1 0 0 1 0
sp99 0 0 1 0 1 0 1 0 0 0
sp100 1 0 0 1 0 1 0 0 0 0
