100 30
sp1 0 1 1 1 1 1 1 1 1 0 1 1 0 1 0 0 0 0 1 0 0 1 0 0 0 1 0 1 0 0
sp2 1 1 1 1 1 1 1 0 1 0 0 0 1 0 0 0 1 1 0 0 1 1 0 1 0 0 0 0 1 0
sp3 1 1 1 1 1 1 1 1 1 0 1 1 0 0 1 0 0 0 0 1 0 1 0 0 0 0 0 0 0 1
sp4 1 1 1 1 1 1 1 1 1 1 1 0 0 1 0 1 1 0 0 0 0 1 0 0 0 0 0 0 0 0
sp5 1 1 1 1 1 0 1 1 1 0 0 1 1 0 1 0 0 0 1 1 0 0 0 0 0 1 0 0 1 0
sp6 1 0 1 0 1 0 1 1 1 0 1 0 0 0 1 1 0 0 1 1 0 0 1 0 1 0 1 1 0 0
sp7 1 1 1 1 1 0 1 0 0 0 0 0 1 0 0 0 1 0 1 1 1 1 0 0 1 1 0 1 0 0
sp8 1 1 1 1 1 1 1 1 1 1 0 0 1 0 0 0 0 0 1 0 0 1 0 1 0 0 1 0 0 0
sp9 1 1 1 1 1 1 1 0 0 0 0 0 1 1 1 0 0 0 1 1 0 0 0 1 0 0 1 0 1 0
sp10 0 1 1 1 1 1 1 1 1 0 1 1 0 0 1 0 0 0 1 1 0 0 0 0 1 0 0 0 0 1
sp11 1 1 1 1 1 1 1 1 1 0 1 0 0 0 0 1 1 0 0 0 0 0 0 1 0 0 0 0 1 1
sp12 1 1 1 1 1 1 1 1 0 0 1 1 0 1 0 1 0 1 0 0 0 0 0 0 0 0 1 1 0 0
sp13 1 1 0 1 1 1 1 1 0 0 0 1 1 0 0 0 1 1 0 0 0 0 1 0 1 0 0 1 1 0
sp14 1 1 1 1 1 1 1 1 1 0 1 0 0 1 0 1 0 0 0 0 0 0 0 0 0 0 1 1 0 1
sp15 1 1 1 1 1 1 1 1 1 0 0 0 0 1 0 0 0 1 0 0 0 1 1 0 1 0 0 0 1 0
sp16 1 0 1 1 1 1 1 1 0 1 0 1 0 0 0 0 1 1 0 1 1 0 0 1 0 0 0 0 1 0
sp17 1 1 1 1 1 1 1 1 1 1 0 1 0 0 1 0 1 0 0 1 0 0 0 0 0 0 0 0 0 1
sp18 1 1 1 0 1 1 1 1 1 0 1 0 1 1 0 1 1 0 0 0 0 0 1 0 0 0 0 0 1 0
sp19 1 1 1 1 1 1 1 0 1 0 0 0 1 0 0 1 0 0 1 0 0 1 0 0 1 1 0 1 0 0
sp20 1 1 1 1 0 1 0 1 1 0 0 1 1 0 1 0 1 1 1 0 0 0 0 0 1 0 1 0 0 0
sp21 1 1 1 1 1 1 0 1 1 1 1 0 1 0 1 0 0 0 0 0 0 0 0 1 1 0 0 0 1 0
sp22 1 1 1 1 1 1 1 1 1 1 0 0 0 0 0 0 0 0 0 1 1 1 0 0 0 0 1 0 0 1
sp23 1 1 1 0 1 1 1 0 1 0 0 0 0 0 1 0 1 1 0 1 1 1 0 0 1 0 0 0 0 1
sp24 1 0 1 1 1 1 1 1 1 0 0 0 1 0 1 0 0 0 0 1 0 0 1 0 0 1 1 0 1 0
sp25 1 1 1 0 1 1 0 1 1 0 0 0 0 0 1 1 1 1 1 0 0 0 0 1 0 1 1 0 0 0
sp26 1 1 1 1 1 0 1 1 1 0 0 1 0 0 1 1 0 1 0 0 0 1 0 0 0 0 0 0 1 1
sp27 1 1 1 1 0 1 1 1 1 0 1 1 1 0 1 0 0 1 0 0 0 0 1 0 0 0 1 0 0 0
sp28 1 1 1 1 1 1 1 1 1 0 1 1 0 0 0 0 0 1 0 0 1 0 1 0 0 0 0 0 1 0
sp29 1 0 1 1 1 1 1 1 1 0 0 0 0 0 0 0 1 0 0 0 1 0 0 0 1 0 1 1 1 1
sp30 1 1 1 0 1 1 1 1 0 0 0 1 0 0 0 0 1 1 1 0 0 1 1 0 0 0 0 0 1 1
sp31 1 1 1 1 1 1 1 0 1 0 1 0 1 0 1 0 0 0 0 0 0 1 0 1 1 0 0 0 0 1
sp32 1 1 1 1 1 0 1 1 1 1 0 1 0 0 1 0 1 0 0 1 0 0 0 0 0 0 1 1 0 0
sp33 1 1 1 1 1 1 1 1 0 0 0 0 0 1 0 0 0 0 1 0 1 0 0 1 1 1 1 0 0 0
sp34 1 1 1 1 1 1 0 1 0 0 0 0 0 0 1 1 0 1 1 1 1 0 0 0 0 1 0 0 0 1
sp35 1 1 1 1 1 1 1 1 1 0 1 1 0 0 0 0 1 0 1 0 0 1 0 0 0 1 0 0 0 0
sp36 1 1 1 1 1 1 1 1 0 0 1 0 0 1 1 0 0 1 0 0 0 1 1 0 0 1 0 0 0 0
sp37 1 1 1 1 0 1 0 1 1 0 1 0 0 0 0 1 0 0 1 1 0 1 0 0 0 1 0 1 1 0
sp38 1 1 1 1 1 1 0 1 1 1 0 0 0 0 1 0 0 1 0 0 0 0 0 0 0 1 1 1 1 0
sp39 1 0 1 1 1 1 1 0 1 0 0 1 0 0 0 0 0 1 1 1 0 1 0 1 1 0 0 1 0 0
sp40 0 1 1 1 1 1 1 0 1 0 1 1 0 0 0 1 1 0 0 0 0 1 0 0 0 0 1 0 1 1
sp41 1 1 1 1 1 1 1 1 1 0 1 1 0 0 0 0 0 1 0 0 0 1 0 1 0 0 0 0 1 0
sp42 1 0 1 1 1 1 1 1 1 0 0 1 0 1 0 0 0 0 0 0 0 0 1 0 0 1 0 1 1 1
sp43 1 1 1 1 1 1 1 1 0 1 0 0 0 0 1 0 0 0 1 0 0 0 0 1 1 0 1 0 1 0
sp44 1 1 1 0 0 1 1 1 1 1 0 0 0 0 1 0 0 1 1 0 0 0 0 1 1 1 0 1 0 0
sp45 0 1 1 0 1 0 1 1 0 1 1 1 0 0 1 0 1 0 0 0 1 0 0 1 1 1 0 0 1 0
sp46 1 1 1 1 1 0 1 1 1 1 1 0 0 0 0 0 1 0 0 1 1 0 1 0 0 1 0 0 0 0
sp47 1 1 1 0 1 1 1 1 1 0 1 0 0 0 0 1 0 0 1 0 0 0 1 1 0 0 1 0 0 1
sp48 1 1 1 1 0 1 0 1 0 1 0 0 0 0 0 0 0 1 0 0 1 1 0 1 1 0 0 1 1 1
sp49 1 1 1 1 1 0 1 1 1 0 1 0 0 0 0 0 1 0 0 0 1 1 0 0 0 1 0 0 1 1
sp50 1 1 1 1 1 1 1 1 1 0 1 0 1 0 0 0 1 1 0 0 1 0 1 0 0 0 0 0 0 0
sp51 1 1 0 1 1 1 1 1 1 1 0 1 0 0 1 0 0 0 0 1 1 1 0 0 0 0 0 0 0 1
sp52 1 1 1 1 1 1 1 1 1 0 0 0 0 0 1 0 0 0 1 0 0 1 1 1 0 1 0 0 0 0
sp53 1 1 1 1 1 1 1 1 1 1 0 0 1 0 0 0 0 0 1 0 0 1 0 0 0 0 1 1 0 0
sp54 1 1 1 1 1 1 1 1 1 0 1 1 1 0 0 0 0 0 1 0 0 0 1 0 0 0 0 1 0 0
sp55 1 1 1 0 1 1 1 1 1 0 0 0 0 0 0 0 1 0 0 0 1 1 1 0 0 1 1 0 1 0
sp56 1 1 1 1 1 1 1 0 1 1 0 1 0 0 0 0 0 0 1 0 1 0 1 0 0 0 0 1 1 0
sp57 1 1 1 1 1 1 0 1 1 0 0 0 0 1 1 0 0 1 0 0 0 0 0 1 0 0 1 0 1 1
sp58 1 1 1 1 1 1 1 1 1 0 0 0 0 0 0 0 1 0 1 0 1 0 1 0 1 0 0 0 1 0
sp59 1 1 0 1 1 1 1 1 1 1 0 1 0 1 0 1 0 0 1 0 0 0 0 1 1 0 0 0 0 0
sp60 1 1 1 1 1 0 1 1 1 0 1 0 0 0 1 0 0 1 0 0 0 1 0 0 0 1 1 0 1 0
sp61 1 1 1 1 1 1 0 1 1 1 0 1 1 1 0 0 0 0 0 0 0 1 1 0 1 0 0 0 0 0
sp62 1 1 1 1 1 1 1 1 1 0 0 1 1 0 1 1 0 0 0 0 0 0 0 1 0 0 0 0 0 1
sp63 1 1 1 1 1 1 1 1 1 0 1 0 0 1 0 1 0 1 0 0 0 0 0 0 1 0 0 1 0 0
sp64 1 1 1 1 1 1 1 1 1 0 0 0 0 0 1 0 0 0 0 1 1 1 0 0 0 0 1 0 0 1
sp65 1 1 1 1 1 1 1 0 1 1 0 0 1 0 0 0 0 1 0 1 0 0 0 0 1 0 0 0 1 1
sp66 1 1 1 0 1 1 1 1 1 0 0 0 0 1 0 1 0 1 1 1 0 0 0 1 0 1 0 0 0 0
sp67 1 1 1 1 1 1 1 1 1 0 0 0 0 0 0 0 0 0 0 0 0 1 0 1 0 1 1 1 1 0
sp68 1 1 1 1 0 0 1 1 1 1 0 1 0 0 1 1 0 1 0 0 1 0 0 0 1 0 0 0 1 0
sp69 1 1 1 0 1 1 1 0 1 1 1 0 1 0 0 0 0 0 1 0 1 1 0 0 0 0 0 0 1 1
sp70 1 1 1 1 1 1 1 1 1 1 0 1 0 0 1 0 1 0 0 0 0 0 0 1 0 0 0 1 0 0
sp71 1 1 1 1 1 0 1 1 0 0 0 0 1 0 0 1 0 1 0 0 0 0 1 1 1 0 0 0 1 1
sp72 1 1 1 1 1 1 1 1 0 1 0 0 0 1 0 0 1 0 1 0 0 1 0 0 0 0 0 1 1 0
sp73 0 1 1 1 1 1 1 1 0 1 1 0 0 1 0 0 0 0 0 0 1 0 1 0 1 0 0 1 0 1
sp74 1 0 1 1 1 1 0 1 1 1 1 0 1 0 0 0 0 0 0 1 0 0 1 1 0 0 0 0 1 1
sp75 1 1 1 1 1 1 1 1 0 0 0 1 0 1 0 0 1 0 0 0 0 0 1 0 0 1 0 0 1 1
sp76 0 1 1 1 1 1 1 1 1 0 1 0 0 0 0 0 1 0 1 0 1 0 1 1 0 0 0 1 0 0
sp77 1 1 1 1 1 1 1 1 1 0 1 1 1 0 0 0 1 1 0 0 0 1 0 0 0 0 0 0 0 0
sp78 1 0 1 1 1 0 1 1 1 1 0 0 1 1 0 1 1 0 1 1 0 0 0 0 0 1 0 0 0 0
sp79 1 1 1 1 1 1 1 1 1 0 0 0 0 0 0 0 0 0 0 0 0 1 1 0 1 0 0 1 1 1
sp80 1 1 0 1 1 1 0 1 1 1 1 1 1 1 1 0 0 0 0 0 0 0 1 0 0 0 0 0 0 1
sp81 1 1 1 1 1 1 1 1 0 0 0 0 1 1 1 1 1 0 0 0 0 1 0 0 0 0 1 0 0 0
sp82 1 1 1 1 1 1 1 1 1 0 0 0 0 0 1 0 1 0 0 0 1 0 0 0 1 1 0 0 1 0
sp83 1 1 1 0 1 0 1 1 1 0 0 0 1 0 1 1 1 0 1 1 1 0 1 0 0 0 0 0 0 0
sp84 1 1 1 1 1 1 1 1 1 0 1 0 0 1 0 0 0 0 1 0 0 0 1 0 0 0 0 1 0 1
sp85 1 1 1 1 1 1 0 1 1 0 0 1 0 0 0 0 1 1 0 0 1 1 1 0 0 0 1 0 0 0
sp86 1 1 1 1 1 1 1 1 1 0 1 0 0 0 0 0 0 0 0 0 1 0 0 0 1 1 0 0 1 1
sp87 1 1 1 1 1 0 1 1 1 0 0 1 0 1 0 0 0 0 1 0 1 0 1 0 1 0 0 1 0 0
sp88 1 1 0 1 1 1 1 1 1 0 1 1 0 1 0 0 0 0 1 1 0 1 0 0 0 0 0 1 0 0
sp89 1 1 1 1 1 1 1 1 1 1 1 0 0 0 0 0 0 0 1 0 0 0 1 1 0 0 0 0 0 1
sp90 1 1 1 0 0 1 0 1 1 1 0 0 1 1 1 0 1 0 1 0 0 0 0 1 0 1 0 1 0 0
sp91 1 1 1 1 1 1 0 0 1 1 1 0 0 1 1 0 0 0 0 1 0 0 0 0 1 0 0 1 1 0
sp92 1 1 1 1 1 1 0 1 1 1 0 0 1 1 1 0 0 1 1 0 0 0 1 0 0 0 0 0 0 0
sp93 1 1 1 1 1 1 1 1 1 0 1 1 1 0 0 0 1 0 0 0 1 0 1 0 0 0 0 0 0 0
sp94 1 1 1 1 1 1 1 1 1 1 0 0 0 1 1 0 0 0 1 0 1 0 1 0 0 0 0 0 0 0
sp95 1 1 1 1 1 1 0 1 1 0 0 0 1 0 0 0 0 1 1 0 0 0 1 0 1 0 0 1 1 0
sp96 1 1 1 1 0 1 1 1 1 0 0 0 1 0 1 1 1 0 1 0 0 0 0 1 0 1 0 0 0 0
sp97 1 0 0 1 0 1 1 0 1 1 0 1 0 1 0 0 0 0 0 1 1 1 1 0 0 1 0 0 1 1
sp98 1 1 1 1 1 1 1 1 1 0 1 0 0 1 0 0 1 0 0 0 1 1 0 0 0 0 0 0 1 0
sp99 1 1 1 1 1 1 1 0 1 1 0 0 0 1 0 0 0 0 1 1 1 0 0 1 0 0 0 1 0 0
sp100 1 1 1 1 1 0 1 1 1 0 0 0 0 1 1 0 1 0 0 1 0 0 0 0 0 1 0 1 1 0
