100 10
sp1 1 0 1 0 1 1 1 1 0 1
sp2 0 1 0 0 1 1 0 1 1 0
sp3 1 0 1 1 0 1 0 1 0 1
sp4 1 0 1 1 1 1 1 0 0 0
sp5 1 1 0 1 1 0 0 0 0 0
sp6 0 0 0 1 0 1 1 1 1 1
sp7 0 1 1 1 1 1 1 1 0 0
sp8 0 1 1 0 1 1 1 1 0 0
sp9 1 1 0 1 1 1 0 0 1 1
sp10 1 1 1 1 0 1 1 0 0 1
sp11 1 1 0 1 1 0 1 0 1 0
sp12 1 0 1 0 0 1 0 0 1 1
sp13 0 1 1 1 0 1 1 0 1 1
sp14 1 0 1 1 1 0 1 1 0 1
sp15 1 1 1 0 0 1 0 1 1 0
sp16 1 1 1 1 0 0 0 1 1 1
sp17 1 0 1 0 1 1 0 1 0 1
sp18 1 0 0 1 0 1 1 0 1 1
sp19 1 1 0 1 0 1 0 0 0 1
sp20 0 0 1 1 1 1 0 1 0 0
sp21 1 0 1 0 0 1 0 0 1 1
sp22 1 0 1 1 1 1 1 1 0 0
sp23 0 0 1 1 0 1 1 0 1 0
sp24 0 1 0 1 1 0 1 0 1 1
sp25 0 0 0 1 1 1 1 1 0 0
sp26 1 0 0 1 1 1 1 0 1 0
sp27 1 0 1 0 0 1 0 1 1 1
sp28 0 0 1 0 1 0 0 1 1 1
sp29 1 1 1 0 0 0 0 1 1 0
sp30 0 1 1 0 1 1 0 1 1 0
sp31 1 0 1 1 1 0 1 1 0 0
sp32 0 1 1 0 0 1 1 1 0 1
sp33 0 0 0 1 1 1 1 1 1 1
sp34 1 1 0 0 1 1 1 1 0 1
sp35 1 0 0 0 1 1 1 0 1 1
sp36 0 0 1 0 0 1 0 0 1 0
sp37 0 1 0 1 0 1 1 0 1 1
sp38 0 1 1 0 1 1 0 1 0 0
sp39 0 1 1 1 0 0 1 1 0 1
sp40 1 0 1 1 0 0 0 0 1 1
sp41 1 0 1 0 1 0 0 0 1 1
sp42 0 0 0 0 0 0 1 1 1 1
sp43 0 0 1 1 1 1 1 0 1 0
sp44 1 1 1 0 1 0 0 0 0 0
sp45 1 0 0 0 0 1 1 0 1 0
sp46 1 0 0 1 0 0 0 0 1 1
sp47 0 1 1 1 0 1 1 0 1 0
sp48 1 1 0 1 0 1 0 1 1 1
sp49 0 0 1 0 0 1 0 0 1 1
sp50 0 1 1 0 0 0 0 0 1 1
sp51 0 1 1 0 1 0 1 1 0 1
sp52 0 0 1 0 1 1 1 0 1 0
sp53 0 1 0 1 1 1 1 0 0 1
sp54 0 0 0 0 1 1 0 1 1 1
sp55 0 1 0 1 1 0 0 1 0 0
sp56 0 1 1 1 0 0 0 0 1 1
sp57 1 1 1 0 1 0 0 1 0 1
sp58 1 1 0 1 0 1 1 0 0 0
sp59 1 0 0 0 0 0 1 1 1 0
sp60 1 0 1 0 0 0 0 1 1 0
sp61 1 1 0 1 0 0 0 1 1 1
sp62 1 1 0 1 0 0 1 0 1 1
sp63 1 0 1 0 1 1 0 1 0 1
sp64 0 1 1 0 1 1 1 0 0 1
sp65 1 0 1 1 1 0 0 0 1 0
sp66 1 0 0 0 1 0 1 1 1 0
sp67 0 1 0 0 1 0 0 1 1 0
sp68 0 1 0 0 1 1 1 0 1 0
sp69 1 1 1 0 0 0 1 0 1 0
sp70 1 1 1 1 0 0 0 0 1 0
sp71 0 0 0 1 1 0 1 0 0 1
sp72 1 0 0 1 0 0 0 1 0 0
sp73 0 0 1 0 1 1 0 0 1 1
sp74 0 0 0 1 0 0 1 1 0 0
sp75 0 1 0 0 0 0 0 1 0 0
sp76 1 0 1 1 1 0 1 0 0 0
sp77 1 1 0 1 0 0 1 1 0 0
sp78 0 1 0 1 0 1 1 0 0 0
sp79 0 0 1 0 1 1 1 1 1 0
sp80 0 1 0 0 1 1 1 1 0 1
sp81 0 0 1 0 0 0 1 0 0 0
sp82 0 0 0 1 1 0 0 0 0 1
sp83 0 0 0 1 0 0 0 0 0 1
sp84 0 1 0 0 0 0 0 0 0 1
sp85 1 0 1 0 0 0 1 1 0 1
sp86 0 1 0 0 0 1 1 0 0 0
sp87 0 0 0 0 1 1 0 1 0 0
sp88 1 1 0 1 1 0 0 0 1 1
sp89 0 0 0 0 0 0 0 1 0 1
sp90 1 0 0 1 1 0 1 0 1 0
sp91 1 0 0 0 0 0 1 0 0 0
sp92 0 1 1 1 1 0 0 1 0 1
sp93 1 1 0 1 0 0 1 1 0 0
sp94 1 0 1 1 0 0 1 1 0 1
sp95 1 1 0 0 0 0 0 1 0 0
sp96 0 1 0 0 1 0 0 1 0 0
sp97 1 1 0 1 1 1 0 0 0 0
sp98 0 0 0 0 0 0 0 1 1 0
sp99 0 1 1 0 1 0 0 0 0 0
sp100 0 1 0 0 0 1 0 0 1 1
