100 10
sp1 1 0 1 1 1 1 0 1 1 0
sp2 0 1 1 1 1 0 1 1 0 0
sp3 1 1 0 1 1 1 0 1 0 1
sp4 1 0 0 1 0 1 0 0 1 1
sp5 1 1 1 1 1 1 1 0 0 1
sp6 1 1 1 1 1 1 1 1 0 0
sp7 0 0 0 1 1 1 1 1 1 1
sp8 1 0 1 1 1 0 1 0 1 0
sp9 1 0 1 1 0 1 0 0 1 0
sp10 1 1 1 1 0 1 1 0 1 0
sp11 0 1 1 1 1 1 1 1 1 0
sp12 0 1 1 1 0 1 1 0 1 1
sp13 1 1 1 1 0 1 1 0 1 1
sp14 1 1 1 1 1 1 1 0 0 1
sp15 1 1 1 0 1 0 0 0 1 0
sp16 1 0 1 1 1 0 1 1 1 1
sp17 0 1 1 1 1 0 1 1 1 1
sp18 1 1 0 1 1 1 1 0 1 0
sp19 1 1 0 1 1 0 1 1 1 1
sp20 1 1 0 0 1 0 1 1 1 1
sp21 1 1 1 1 0 0 1 1 0 1
sp22 1 1 1 1 1 1 0 0 0 1
sp23 1 1 1 1 0 1 1 1 0 1
sp24 1 0 1 0 1 1 0 1 1 1
sp25 1 0 1 1 1 1 1 1 0 0
sp26 1 1 1 0 1 1 1 1 0 1
sp27 0 1 1 0 1 1 1 1 1 1
sp28 1 1 1 0 1 0 1 1 1 1
sp29 1 1 1 1 1 1 1 0 1 0
sp30 1 1 1 0 0 1 1 0 1 1
sp31 1 0 1 1 1 0 0 0 1 1
sp32 1 1 1 0 0 0 1 0 0 1
sp33 1 1 0 0 0 1 1 1 1 1
sp34 1 1 1 1 1 1 0 1 1 0
sp35 0 1 1 1 1 1 0 1 1 1
sp36 0 1 1 0 1 1 1 0 1 0
sp37 0 0 1 1 1 1 0 0 1 1
sp38 0 0 0 1 1 0 1 0 1 1
sp39 1 1 1 0 0 1 1 1 1 1
sp40 1 0 1 1 0 0 1 1 1 0
sp41 0 0 1 1 1 1 1 1 0 0
sp42 1 1 0 0 1 1 1 0 1 1
sp43 0 0 1 1 1 1 1 1 1 1
sp44 1 1 1 1 0 1 0 1 1 1
sp45 1 1 1 0 1 1 0 1 0 1
sp46 0 0 1 1 1 1 1 1 1 1
sp47 1 1 0 0 1 1 1 1 1 0
sp48 0 1 1 1 1 1 1 1 0 0
sp49 1 0 1 1 0 1 0 1 0 1
sp50 0 0 1 1 0 1 0 1 0 1
sp51 1 0 1 0 0 0 1 1 1 0
sp52 1 1 1 1 1 1 1 0 1 0
sp53 1 1 1 0 1 1 0 1 1 0
sp54 1 1 0 0 1 1 1 1 1 1
sp55 1 1 0 1 1 1 1 1 0 1
sp56 0 1 1 0 0 1 1 1 1 1
sp57 1 1 0 1 0 1 1 1 1 1
sp58 1 1 0 1 0 0 1 1 1 1
sp59 0 1 1 1 1 1 1 1 1 0
sp60 1 1 0 1 0 1 0 1 0 1
sp61 0 1 0 1 0 1 0 1 0 1
sp62 1 1 1 1 1 0 1 1 0 1
sp63 1 0 0 1 1 1 1 1 1 1
sp64 1 1 1 1 1 1 0 0 1 1
sp65 1 1 1 0 1 0 0 1 1 0
sp66 1 0 0 1 1 1 1 0 1 1
sp67 1 0 1 0 1 1 1 1 1 1
sp68 1 1 0 1 0 1 0 1 1 1
sp69 0 1 1 1 1 1 1 1 1 0
sp70 0 1 1 1 1 1 1 1 0 1
sp71 1 0 1 1 1 1 1 1 0 0
sp72 1 1 1 1 0 1 0 1 0 1
sp73 1 1 0 1 0 1 1 1 0 1
sp74 0 1 0 1 1 1 1 0 1 1
sp75 0 1 0 1 0 1 1 1 0 1
sp76 1 1 1 1 0 1 1 0 1 0
sp77 1 1 1 0 0 1 1 0 1 0
sp78 1 1 0 1 1 1 1 0 1 0
sp79 1 0 0 1 0 0 1 1 1 1
sp80 1 0 1 1 0 0 1 1 1 1
sp81 1 0 0 0 1 0 1 1 0 1
sp82 0 1 1 1 1 0 1 1 1 1
sp83 0 0 1 1 1 0 1 1 1 1
sp84 1 1 0 0 1 0 1 1 1 1
sp85 0 0 1 1 1 1 0 1 0 1
sp86 0 1 1 1 1 0 0 1 1 1
sp87 1 0 1 1 1 1 1 1 1 0
sp88 1 1 1 1 1 1 0 1 0 0
sp89 0 1 1 0 1 0 0 1 1 1
sp90 0 1 0 1 1 1 1 1 0 1
sp91 0 1 1 0 1 1 1 1 1 0
sp92 1 1 0 0 1 0 1 1 1 1
sp93 0 1 1 1 1 0 1 1 1 1
sp94 1 1 0 0 0 0 1 1 1 1
sp95 1 1 1 0 1 0 1 0 1 1
sp96 1 1 1 1 1 1 0 0 1 1
sp97 1 1 1 1 1 0 1 0 1 1
sp98 1 0 1 0 1 1 0 0 1 1
sp99 1 1 0 0 1 1 0 1 0 1
sp100 1 0 1 1 1 1 0 1 1 1
