100 30
sp1 1 1 1 1 1 1 1 0 0 0 1 1 0 1 1 1 0 1 1 1 1 1 1 1 1 1 1 1 1 0
sp2 1 1 1 1 1 1 0 0 1 1 1 1 0 1 0 1 1 1 1 1 1 1 1 1 0 1 1 1 1 1
sp3 1 1 1 1 0 1 1 1 0 1 1 1 1 1 1 0 1 1 0 1 1 1 1 1 1 1 1 1 1 1
sp4 1 1 1 1 1 0 0 0 1 1 1 1 1 1 1 0 1 1 1 1 1 1 1 0 0 1 1 1 0 1
sp5 1 1 1 1 1 1 1 1 1 1 1 0 0 1 1 1 1 1 1 1 0 1 1 0 1 1 1 0 1 1
sp6 1 1 1 1 1 1 1 1 0 1 0 1 1 1 1 1 1 1 1 0 1 1 1 1 1 1 1 1 1 1
sp7 1 0 1 1 1 0 0 1 1 1 1 0 1 1 1 1 1 0 1 1 1 1 1 1 1 0 1 1 1 1
sp8 1 1 0 1 0 1 0 0 1 1 1 1 1 1 0 0 1 0 0 1 1 1 1 1 1 0 1 1 0 1
sp9 1 1 1 0 1 1 0 1 1 0 0 1 1 1 1 1 1 1 1 1 1 1 1 1 1 1 1 0 1 1
sp10 0 1 0 1 1 1 1 0 1 1 1 1 1 1 1 1 1 1 1 1 1 1 1 1 0 1 1 0 1 1
sp11 1 1 1 1 1 1 1 1 1 0 1 1 1 1 1 1 1 0 1 1 1 1 1 1 1 0 0 0 1 1
sp12 0 1 0 1 0 0 1 1 1 1 1 0 1 1 0 0 1 1 1 1 1 1 1 1 1 1 1 0 1 1
sp13 1 0 1 1 0 1 0 1 1 1 0 1 1 1 1 1 1 1 1 0 1 1 1 0 1 1 1 1 0 1
sp14 1 1 1 1 1 1 0 1 1 0 1 1 1 1 0 0 0 1 1 1 1 0 1 1 1 1 1 1 1 1
sp15 1 1 1 1 1 1 1 0 1 1 1 1 1 0 1 1 1 1 1 1 1 1 1 1 1 1 1 1 1 1
sp16 1 1 0 1 0 1 1 1 1 1 1 0 1 1 1 1 1 1 0 1 1 0 1 1 1 1 1 1 0 1
sp17 1 1 1 1 0 1 1 1 1 1 1 1 1 0 1 1 1 1 1 1 0 1 0 0 1 1 0 1 1 1
sp18 1 1 0 0 0 1 1 1 0 1 1 0 1 1 1 1 1 1 1 1 0 1 1 1 1 1 1 1 1 1
sp19 0 1 1 0 1 0 1 0 1 1 1 1 1 1 1 0 1 1 0 1 1 1 1 1 1 0 1 1 1 1
sp20 1 1 1 0 0 1 1 1 1 1 1 1 1 1 1 1 1 1 1 0 0 1 1 0 1 1 1 1 1 0
sp21 0 1 0 1 1 1 1 1 1 1 1 1 0 1 1 0 0 0 1 1 1 0 0 1 1 1 1 1 0 1
sp22 1 1 1 1 0 1 1 1 1 0 1 1 0 1 1 0 1 1 1 1 1 1 0 1 1 0 1 1 1 0
sp23 0 1 0 0 1 1 1 1 1 1 1 1 1 1 0 1 1 0 1 1 0 0 1 0 1 0 1 1 1 1
sp24 1 1 1 1 1 1 1 1 1 0 1 1 0 1 1 1 1 1 1 1 0 0 0 0 1 1 1 1 1 1
sp25 1 0 0 1 1 1 1 1 1 1 1 1 1 1 1 1 1 1 1 0 0 1 1 0 1 1 1 1 1 1
sp26 0 0 1 1 0 1 0 1 1 1 0 1 1 1 0 1 1 1 1 1 0 0 1 1 1 1 0 0 1 1
sp27 1 1 0 0 0 0 1 0 1 0 1 1 1 0 1 1 0 1 1 0 1 1 1 1 0 1 1 0 1 1
sp28 1 1 0 1 1 1 1 1 1 0 0 1 0 0 1 1 1 1 0 1 1 1 1 1 0 1 0 1 1 1
sp29 1 1 1 0 1 1 1 1 0 1 1 0 1 0 1 1 1 1 1 1 1 0 1 1 1 1 1 1 1 0
sp30 1 1 0 1 0 0 1 1 1 1 0 1 1 1 0 1 0 0 1 1 0 0 1 1 1 0 1 1 1 1
sp31 1 0 0 1 0 1 0 0 1 1 1 1 1 1 1 0 1 1 0 1 1 1 0 1 1 1 0 0 0 1
sp32 1 0 1 0 1 1 0 1 1 1 1 1 1 0 1 1 1 1 1 1 0 0 1 1 1 0 1 1 0 1
sp33 1 0 0 1 1 1 1 1 1 1 1 1 0 1 0 1 0 1 1 1 0 1 1 1 0 1 0 1 1 1
sp34 1 0 1 1 1 0 0 1 0 0 1 1 1 1 1 1 1 1 1 0 1 0 1 1 0 0 1 1 0 1
sp35 1 1 1 0 1 1 1 1 1 1 0 1 0 1 0 1 0 0 0 1 1 1 1 1 1 0 0 1 1 1
sp36 1 1 1 1 0 1 0 1 1 0 0 0 0 0 1 0 0 0 1 1 1 1 0 1 0 1 0 1 1 1
sp37 1 0 1 1 0 1 0 1 1 1 0 1 1 0 0 1 0 0 1 1 1 1 1 1 0 1 1 1 1 0
sp38 1 0 1 0 0 1 1 0 0 1 0 1 0 1 1 1 1 0 0 0 1 0 1 0 1 0 1 0 1 0
sp39 1 0 0 1 1 1 0 1 0 1 1 0 0 1 1 1 1 1 1 1 1 1 1 1 0 1 1 1 0 1
sp40 1 0 1 0 1 1 0 1 1 0 1 1 1 0 1 1 1 1 1 0 1 1 1 1 1 1 1 1 1 1
sp41 1 1 0 1 0 1 1 1 1 0 1 1 1 1 1 0 1 0 1 1 1 1 1 1 1 1 1 1 0 0
sp42 1 0 1 1 1 0 0 1 1 1 1 1 1 1 0 1 1 1 1 0 1 1 0 1 1 1 0 1 1 1
sp43 1 1 1 0 1 1 1 1 1 0 0 1 1 1 1 1 1 1 1 1 1 0 1 0 0 1 0 0 1 0
sp44 0 0 1 1 1 0 1 1 1 1 1 1 0 0 1 1 0 1 0 0 1 0 0 1 0 1 1 1 1 0
sp45 1 1 1 1 1 0 1 1 1 0 1 1 1 0 1 1 1 1 1 0 1 1 1 1 1 1 1 1 1 0
sp46 1 1 0 1 1 1 0 0 1 0 0 0 1 0 0 1 1 1 1 1 1 0 1 1 1 1 1 1 0 1
sp47 1 1 0 0 1 1 1 1 1 0 1 0 0 1 1 1 1 1 0 0 1 0 1 1 1 1 1 1 1 0
sp48 1 1 1 1 0 1 1 1 1 0 1 1 1 0 1 1 1 1 1 1 1 1 1 1 1 0 1 1 1 1
sp49 1 1 0 0 1 1 1 1 1 1 1 0 0 0 1 1 1 1 0 1 1 1 1 0 0 1 1 0 1 1
sp50 1 1 1 0 1 1 1 1 0 1 1 0 1 1 1 1 1 0 1 1 1 1 1 0 1 0 1 1 1 0
sp51 1 1 1 1 1 0 0 1 0 1 1 1 1 1 1 1 1 1 1 0 1 1 1 1 1 1 1 1 0 1
sp52 1 1 0 1 1 0 1 1 1 0 1 1 0 0 1 1 0 1 1 0 1 1 0 1 1 0 1 1 1 1
sp53 1 1 1 0 1 1 1 0 0 0 1 1 1 1 0 1 1 1 0 1 1 1 1 1 0 1 1 1 1 1
sp54 0 1 1 1 0 1 1 1 1 0 1 0 1 1 1 1 1 1 1 1 0 1 1 0 1 0 1 1 0 1
sp55 1 1 1 0 1 1 1 1 1 1 1 1 0 0 1 1 1 1 0 1 1 1 1 1 1 1 0 0 1 1
sp56 0 0 1 1 1 1 1 0 1 0 1 0 1 1 0 1 0 1 1 1 0 1 1 1 0 1 0 1 0 1
sp57 1 0 1 1 1 0 0 1 0 1 1 1 1 0 1 1 1 1 0 1 1 1 0 0 1 1 0 0 1 1
sp58 1 1 0 0 1 0 1 0 0 1 1 1 1 1 0 0 1 0 1 1 1 1 1 1 0 1 1 1 1 1
sp59 1 1 0 1 1 0 1 1 1 1 1 1 1 0 0 1 1 1 1 0 1 1 1 0 0 1 1 1 1 1
sp60 0 0 1 1 0 1 0 1 0 0 0 0 1 1 0 1 1 0 1 1 1 1 1 1 1 0 1 1 0 1
sp61 0 1 1 0 1 0 1 1 1 1 1 0 1 1 1 0 0 1 1 1 0 1 1 1 1 1 1 0 0 1
sp62 0 0 1 1 0 1 1 1 1 1 0 0 1 1 0 0 1 1 1 1 1 1 1 1 1 1 1 1 1 1
sp63 1 1 1 1 1 0 1 0 1 1 0 0 0 1 1 1 1 1 1 1 1 1 0 1 1 1 0 1 1 1
sp64 0 1 1 1 1 1 1 1 0 1 1 1 1 1 1 0 1 1 1 1 0 1 0 1 1 0 1 0 1 1
sp65 1 1 1 1 0 1 0 1 1 1 1 1 1 1 1 1 0 0 0 1 1 0 0 0 0 1 1 1 1 1
sp66 0 1 1 0 1 1 1 1 1 1 1 1 1 1 1 0 1 1 1 0 1 1 0 1 0 0 1 1 1 0
sp67 0 1 0 1 1 1 1 1 1 1 0 1 1 1 1 1 1 1 1 1 1 1 1 1 1 1 1 0 0 1
sp68 0 1 1 1 1 0 1 1 0 1 1 1 1 1 1 0 0 1 1 1 1 1 1 0 1 0 0 0 1 1
sp69 1 0 0 1 1 0 1 0 1 1 1 1 1 1 0 1 0 1 1 1 1 0 1 1 1 0 0 0 1 1
sp70 0 1 0 1 1 1 0 1 1 1 1 1 1 1 1 1 1 1 0 0 0 1 0 1 1 1 1 0 0 1
sp71 0 0 1 1 0 0 0 0 1 0 0 0 0 0 1 0 1 1 1 1 0 1 0 1 1 1 1 1 0 0
sp72 1 1 1 1 0 1 1 1 1 1 1 1 1 1 1 0 0 0 0 0 0 0 0 0 1 0 1 0 1 0
sp73 1 1 1 1 1 1 1 0 1 1 1 1 1 1 0 1 0 0 1 1 0 1 1 1 1 0 0 0 1 1
sp74 1 0 1 0 0 0 1 0 0 1 0 1 1 1 1 1 0 0 1 0 0 1 0 1 1 0 0 0 0 1
sp75 1 0 1 1 0 1 1 1 1 1 1 1 1 1 1 1 1 1 1 1 1 0 0 0 1 1 1 1 0 1
sp76 0 1 1 1 1 1 1 0 0 1 0 1 0 0 0 1 1 0 1 0 0 0 0 0 0 1 0 1 0 0
sp77 1 1 1 1 1 1 1 1 0 0 1 0 0 0 0 0 1 1 0 1 1 1 1 1 0 1 0 1 1 0
sp78 1 0 0 1 1 0 1 0 0 0 1 1 0 0 1 0 1 0 1 0 1 0 0 0 1 1 1 1 0 0
sp79 1 1 1 1 1 1 1 1 1 1 0 1 0 1 1 1 1 1 0 1 1 1 1 0 0 1 0 0 1 1
sp80 0 1 1 1 1 1 0 0 0 1 0 1 0 1 0 0 1 1 0 0 1 0 0 0 1 0 0 0 1 0
sp81 1 1 1 1 1 1 1 0 0 1 0 0 1 1 0 1 0 1 0 0 0 1 0 1 1 1 1 0 1 0
sp82 0 0 1 1 0 1 1 1 1 1 0 0 1 0 1 1 0 0 1 1 1 1 1 1 0 1 1 1 0 1
sp83 0 1 1 0 0 1 1 1 1 1 1 0 1 1 0 1 0 1 0 1 0 0 1 1 1 1 1 0 0 0
sp84 1 1 1 0 1 1 1 1 1 1 1 0 0 1 0 0 1 1 1 1 1 1 0 0 1 0 1 1 1 0
sp85 0 0 1 0 1 0 0 1 1 0 0 0 1 0 0 0 0 1 0 1 1 1 1 0 0 1 1 1 1 1
sp86 1 1 0 1 1 1 1 0 0 0 0 0 1 1 1 0 1 0 1 0 0 1 1 1 0 0 0 1 1 1
sp87 0 0 1 0 0 1 1 0 1 1 0 1 0 1 1 1 0 1 0 1 1 0 1 1 1 1 1 1 0 0
sp88 1 1 1 0 1 1 1 0 0 1 1 1 1 1 1 0 1 1 1 1 1 1 1 1 0 1 0 0 1 1
sp89 0 0 1 1 1 1 0 1 1 1 0 1 1 0 1 1 0 0 1 0 0 0 0 0 0 1 1 0 0 0
sp90 0 0 0 0 1 0 1 1 1 0 0 1 0 1 1 1 1 1 0 0 1 1 1 1 0 0 0 0 0 0
sp91 1 1 0 1 1 1 1 0 1 1 1 1 0 1 1 0 1 0 1 0 0 0 1 0 1 1 0 0 1 1
sp92 1 0 0 1 1 0 0 1 0 1 1 1 0 0 0 0 0 0 0 1 1 1 0 0 1 1 1 1 1 1
sp93 0 1 0 1 1 1 0 0 0 1 0 1 1 1 1 1 1 1 1 0 1 0 0 1 1 0 0 1 1 1
sp94 1 1 1 0 1 0 0 0 1 1 1 1 1 1 1 1 0 0 0 1 0 0 0 1 1 0 0 1 1 1
sp95 1 1 1 1 1 0 1 1 1 1 1 1 1 1 1 1 1 1 0 1 0 0 1 0 0 1 0 1 1 0
sp96 0 1 1 1 1 0 1 1 0 0 1 0 1 0 0 1 1 0 0 1 1 1 1 1 1 1 1 1 0 0
sp97 1 0 1 1 1 0 0 1 0 1 1 1 1 0 0 0 1 1 1 1 1 1 0 1 0 0 1 1 1 1
sp98 0 1 1 0 1 1 1 0 0 1 1 0 1 1 1 0 0 0 1 0 0 1 1 1 1 1 1 1 0 0
sp99 1 1 1 1 1 0 1 1 0 1 1 0 1 0 1 1 0 0 1 0 0 1 1 0 1 1 1 1 1 0
sp100 0 1 1 0 0 1 1 1 1 0 0 0 0 0 1 1 0 0 0 1 1 0 0 1 1 1 0 1 1 0
