100 10
sp1 0 1 1 0 1 1 1 0 0 0
sp2 0 1 1 1 0 0 0 1 1 0
sp3 0 0 1 1 1 0 0 1 0 1
sp4 0 0 1 0 1 0 1 1 0 0
sp5 1 1 0 0 0 0 0 1 0 0
sp6 1 1 0 0 0 0 0 1 0 1
sp7 0 0 1 1 1 0 1 0 0 0
sp8 0 1 0 0 1 0 1 1 0 0
sp9 1 0 1 0 0 0 0 0 1 0
sp10 1 1 0 0 1 0 1 0 0 0
sp11 0 0 1 1 1 1 0 1 0 0
sp12 1 0 0 0 1 0 0 0 1 0
sp13 1 1 0 1 0 0 0 0 0 0
sp14 0 0 1 0 1 0 0 1 1 0
sp15 1 1 1 0 0 1 0 0 0 0
sp16 0 0 1 0 0 1 0 1 1 0
sp17 0 0 1 0 1 0 0 0 0 1
sp18 1 0 0 1 0 0 0 1 0 1
sp19 1 0 1 0 0 0 0 0 0 1
sp20 0 0 0 1 0 0 1 1 0 1
sp21 1 1 1 0 1 0 0 0 0 1
sp22 0 0 1 1 1 0 0 0 0 1
sp23 0 0 1 1 0 0 0 0 1 0
sp24 1 1 1 1 0 0 0 0 1 1
sp25 0 1 1 0 1 1 1 0 0 1
sp26 0 0 0 1 0 0 1 0 0 0
sp27 0 1 0 0 0 0 1 0 0 1
sp28 1 0 0 1 0 0 0 0 0 0
sp29 0 1 0 1 0 0 0 0 0 0
sp30 0 0 0 0 0 1 0 1 0 0
sp31 0 0 0 0 0 1 0 0 1 0
sp32 0 0 0 1 0 0 0 0 0 1
sp33 0 0 0 1 1 0 0 0 0 0
sp34 0 0 0 1 0 0 1 0 0 1
sp35 1 0 1 1 0 0 0 0 0 0
sp36 1 0 0 0 1 0 1 0 0 0
sp37 1 0 0 0 0 0 0 0 0 1
sp38 1 0 0 0 0 0 0 1 0 1
sp39 0 1 0 0 0 0 1 0 0 0
sp40 0 0 0 0 1 0 0 0 1 0
sp41 0 0 0 1 1 1 0 0 0 0
sp42 1 0 1 0 0 0 1 0 1 0
sp43 0 0 0 1 1 0 1 1 1 0
sp44 0 0 0 1 0 1 0 0 0 0
sp45 0 0 0 1 0 0 0 1 1 0
sp46 1 0 0 0 1 1 0 0 0 1
sp47 0 1 1 0 1 0 1 1 1 0
sp48 1 0 0 1 0 0 0 1 0 0
sp49 0 1 1 0 0 0 0 0 0 1
sp50 0 1 0 0 0 0 0 0 1 0
sp51 0 0 0 0 0 1 0 1 1 0
sp52 0 0 1 0 0 0 1 0 0 0
sp53 0 1 0 0 0 1 1 1 0 0
sp54 1 0 0 0 0 0 1 0 0 0
sp55 0 1 0 0 1 0 0 0 0 0
sp56 0 0 0 1 0 1 0 0 0 0
sp57 1 0 0 0 1 0 0 0 0 0
sp58 0 0 0 0 0 0 1 0 0 1
sp59 1 0 0 0 0 0 0 0 0 1
sp60 0 1 0 0 0 0 1 0 1 0
sp61 0 1 0 0 0 0 0 0 0 1
sp62 0 0 0 1 1 0 0 1 0 0
sp63 0 0 0 0 0 1 1 0 1 0
sp64 0 1 1 1 1 1 0 0 0 0
sp65 0 1 0 0 0 1 1 0 1 0
sp66 1 0 0 0 0 0 0 0 1 1
sp67 0 1 0 0 0 1 0 0 0 0
sp68 0 0 0 0 0 0 0 1 1 0
sp69 1 1 0 1 0 0 0 0 0 0
sp70 1 0 0 0 0 1 0 0 0 0
sp71 0 0 0 0 1 0 0 0 0 1
sp72 0 0 0 0 0 1 0 1 0 0
sp73 0 0 1 0 0 0 1 0 1 0
sp74 0 0 0 0 1 0 1 0 1 0
sp75 1 0 0 0 0 0 0 1 0 0
sp76 0 0 0 0 1 0 0 0 0 1
sp77 0 0 1 0 0 1 0 0 0 0
sp78 0 0 1 0 0 0 0 0 1 0
sp79 0 0 0 1 0 0 0 1 0 0
sp80 0 1 0 0 0 0 1 0 0 0
sp81 1 0 0 0 0 0 1 0 1 0
sp82 0 0 0 0 0 1 0 0 0 1
sp83 1 1 0 0 0 1 1 0 0 0
sp84 0 0 0 0 0 1 0 1 0 0
sp85 0 0 0 0 0 1 0 0 1 0
sp86 0 0 0 1 0 0 0 0 1 0
sp87 0 0 0 1 0 0 0 0 0 1
sp88 0 0 0 0 0 0 0 0 1 1
sp89 0 1 0 0 1 0 0 0 0 0
sp90 0 0 0 0 0 0 0 0 1 1
sp91 0 0 1 1 0 1 0 1 0 0
sp92 0 0 1 0 0 1 0 1 0 1
sp93 0 0 0 0 1 0 1 0 0 0
sp94 1 1 0 0 0 1 0 0 0 0
sp95 0 1 1 0 1 0 0 1 0 0
sp96 0 0 0 0 0 0 0 0 1 1
sp97 0 0 1 0 0 1 0 0 0 0
sp98 1 0 0 0 0 1 1 1 1 0
sp99 0 0 0 0 0 1 1 0 0 0
sp100 0 0 0 0 0 0 0 1 0 1
