100 10
sp1 1 0 1 1 1 0 1 0 0 0
sp2 0 1 1 0 1 1 0 1 0 0
sp3 1 0 1 0 1 0 1 1 0 0
sp4 1 1 1 0 1 0 1 0 0 0
sp5 1 1 1 0 0 0 1 1 0 0
sp6 1 1 1 0 0 0 1 1 0 0
sp7 1 1 0 1 1 0 1 0 0 0
sp8 1 1 1 0 0 0 0 0 1 1
sp9 1 1 1 0 1 0 0 0 1 0
sp10 1 1 1 0 0 0 0 1 0 1
sp11 1 0 0 1 1 0 0 0 1 1
sp12 1 1 0 1 1 0 0 0 1 0
sp13 0 0 1 1 1 0 1 1 0 0
sp14 1 0 0 1 1 0 0 1 0 1
sp15 1 1 0 1 0 1 1 0 0 0
sp16 1 0 1 1 1 0 0 0 1 0
sp17 1 1 1 0 0 0 0 0 1 1
sp18 1 1 1 1 0 0 0 0 1 0
sp19 0 1 1 1 1 0 0 0 0 1
sp20 0 1 0 1 1 0 1 0 0 1
sp21 1 0 0 0 1 0 1 1 1 0
sp22 1 1 1 1 0 0 0 0 1 0
sp23 1 1 1 1 0 0 1 0 0 0
sp24 1 0 1 1 0 1 0 0 1 0
sp25 1 1 1 0 0 0 1 0 1 0
sp26 1 0 0 1 1 1 0 1 0 0
sp27 1 1 1 1 1 0 0 0 0 0
sp28 1 0 1 1 1 0 0 1 0 0
sp29 1 1 1 1 0 0 1 0 0 0
sp30 1 0 0 1 1 0 0 1 0 1
sp31 1 0 1 0 1 1 1 0 0 0
sp32 1 1 1 1 1 0 0 0 0 0
sp33 1 1 0 0 1 1 0 0 1 0
sp34 1 1 1 0 1 0 0 1 0 0
sp35 1 0 0 1 1 1 0 0 0 1
sp36 0 0 1 1 1 0 0 1 0 1
sp37 0 1 1 1 1 0 0 0 0 1
sp38 1 0 1 1 0 0 1 1 0 0
sp39 1 1 0 1 1 1 0 0 0 0
sp40 1 0 1 0 0 1 0 1 0 1
sp41 1 0 1 1 1 0 1 0 0 0
sp42 1 0 1 1 0 0 0 1 0 1
sp43 1 1 1 1 1 0 0 0 0 0
sp44 1 1 1 1 0 0 0 0 1 0
sp45 1 1 0 1 1 1 0 0 0 0
sp46 1 1 0 1 1 0 0 0 0 1
sp47 1 1 0 1 1 0 0 1 0 0
sp48 1 0 1 0 1 0 0 0 1 1
sp49 1 1 1 1 1 0 0 0 0 0
sp50 1 1 0 1 1 1 0 0 0 0
sp51 1 1 0 1 1 0 1 0 0 0
sp52 1 0 1 1 1 0 1 0 0 0
sp53 1 1 1 1 0 0 0 0 1 0
sp54 1 1 1 0 1 0 0 0 1 0
sp55 1 1 1 0 0 0 1 0 1 0
sp56 1 0 1 0 1 0 0 1 0 1
sp57 1 1 1 0 0 0 1 0 1 0
sp58 1 1 1 0 1 0 1 0 0 0
sp59 1 1 0 1 1 0 0 1 0 0
sp60 1 1 1 1 0 0 0 1 0 0
sp61 1 0 0 1 0 0 1 1 1 0
sp62 1 1 1 0 0 0 0 0 1 1
sp63 1 0 1 1 0 1 0 0 0 1
sp64 1 0 0 1 1 1 1 0 0 0
sp65 1 1 1 1 1 0 0 0 0 0
sp66 1 1 1 0 1 0 0 1 0 0
sp67 1 0 1 0 0 1 1 1 0 0
sp68 1 1 1 0 0 0 1 0 0 1
sp69 1 0 0 0 1 1 1 0 1 0
sp70 1 0 1 1 1 0 0 0 0 1
sp71 1 1 1 1 0 1 0 0 0 0
sp72 1 1 1 1 0 0 0 0 1 0
sp73 1 0 1 1 1 0 0 0 1 0
sp74 1 0 1 0 0 1 1 1 0 0
sp75 1 0 0 0 1 0 0 1 1 1
sp76 1 1 1 0 0 0 1 0 0 1
sp77 1 1 0 1 1 0 1 0 0 0
sp78 1 1 1 0 1 0 0 0 1 0
sp79 1 1 0 1 1 0 1 0 0 0
sp80 1 1 1 1 1 0 0 0 0 0
sp81 1 1 1 0 0 0 0 0 1 1
sp82 1 1 1 0 1 0 1 0 0 0
sp83 1 1 0 1 1 0 0 1 0 0
sp84 1 0 0 1 0 0 0 1 1 1
sp85 1 1 1 1 0 0 0 0 0 1
sp86 0 1 1 1 0 1 0 0 0 1
sp87 1 1 0 1 1 0 0 1 0 0
sp88 1 0 1 1 0 0 0 1 0 1
sp89 1 0 1 1 1 1 0 0 0 0
sp90 1 0 1 1 1 1 0 0 0 0
sp91 0 1 1 1 0 0 0 1 1 0
sp92 1 0 1 1 1 1 0 0 0 0
sp93 1 0 1 1 1 0 0 0 1 0
sp94 1 1 0 0 1 0 0 0 1 1
sp95 1 1 1 1 1 0 0 0 0 0
sp96 1 0 1 1 1 0 0 0 1 0
sp97 1 0 1 1 0 1 0 1 0 0
sp98 1 1 0 1 1 0 1 0 0 0
sp99 1 1 1 1 1 0 0 0 0 0
sp100 1 1 1 1 1 0 0 0 0 0
