100 10
sp1 1 1 1 1 1 1 1 1 1 1
sp2 0 1 1 1 1 1 1 1 1 1
sp3 1 1 1 1 1 1 1 1 1 1
sp4 1 1 1 1 1 1 1 1 1 1
sp5 1 1 1 1 1 1 1 1 1 1
sp6 1 1 1 0 0 1 1 1 1 1
sp7 0 1 1 1 1 1 1 1 1 1
sp8 1 1 1 0 1 1 1 1 1 0
sp9 1 1 1 1 1 1 1 1 1 1
sp10 1 1 1 0 1 1 1 1 0 0
sp11 1 1 1 1 1 0 1 1 0 1
sp12 0 1 1 1 1 1 1 1 1 0
sp13 1 0 1 1 1 0 1 1 1 1
sp14 0 1 1 1 1 0 1 0 1 1
sp15 1 1 1 1 1 1 1 1 1 1
sp16 1 1 1 1 1 1 1 1 1 1
sp17 1 1 1 1 1 1 1 1 1 1
sp18 1 0 1 1 1 1 1 1 0 1
sp19 0 1 1 0 1 1 1 1 1 1
sp20 1 1 1 1 0 0 1 1 0 1
sp21 1 1 1 1 0 1 1 1 1 1
sp22 1 1 1 1 1 1 1 0 1 1
sp23 1 1 1 1 0 1 1 1 1 0
sp24 1 1 0 0 1 1 1 0 1 1
sp25 1 1 1 1 1 1 1 1 1 0
sp26 1 1 0 1 1 1 1 0 1 1
sp27 1 1 1 1 1 1 1 1 1 1
sp28 1 1 1 1 1 0 1 1 1 0
sp29 1 1 1 1 1 1 1 1 1 1
sp30 1 1 1 1 1 1 1 1 0 1
sp31 1 1 0 1 1 1 1 1 1 0
sp32 1 1 1 1 0 1 1 1 1 1
sp33 1 1 1 1 1 1 1 1 1 1
sp34 1 1 1 1 1 1 1 1 1 1
sp35 1 1 1 0 1 1 1 0 1 1
sp36 1 1 1 0 1 1 1 1 1 1
sp37 1 1 0 1 1 0 1 1 0 1
sp38 1 1 1 1 1 1 1 0 0 1
sp39 1 0 0 0 0 0 0 0 1 0
sp40 0 0 0 1 0 0 1 1 0 0
sp41 0 1 1 1 0 0 0 0 0 1
sp42 1 0 0 1 0 0 0 0 0 0
sp43 0 0 0 0 0 1 0 0 0 1
sp44 1 0 0 0 1 0 0 0 0 0
sp45 0 0 0 0 1 1 1 0 0 0
sp46 1 0 0 0 0 0 0 0 1 1
sp47 0 0 1 0 0 1 0 0 1 0
sp48 0 1 0 0 0 0 0 0 1 0
sp49 1 0 0 0 0 0 0 0 1 0
sp50 0 1 1 0 0 0 0 1 0 0
sp51 0 0 0 1 0 0 0 1 0 0
sp52 1 0 1 0 0 0 0 0 0 1
sp53 0 1 0 0 0 1 0 0 0 0
sp54 0 0 1 0 0 0 0 0 0 1
sp55 1 1 1 0 0 1 0 0 1 0
sp56 0 0 0 0 0 1 0 0 1 0
sp57 0 1 0 1 0 0 0 1 0 0
sp58 1 0 0 0 0 0 0 0 1 0
sp59 0 0 1 0 0 0 0 1 0 0
sp60 0 0 1 1 0 0 0 1 0 0
sp61 1 1 0 0 1 0 0 0 0 0
sp62 0 1 0 0 0 0 0 0 0 1
sp63 1 0 0 0 0 1 0 1 1 0
sp64 0 1 1 0 0 0 0 0 0 0
sp65 0 0 0 1 1 1 0 0 0 1
sp66 0 1 0 0 0 0 0 1 0 0
sp67 0 0 0 0 1 1 1 1 0 1
sp68 0 0 1 1 0 0 1 0 1 0
sp69 1 1 0 1 0 0 0 0 1 0
sp70 0 0 0 0 0 0 0 0 1 1
sp71 1 0 0 0 0 1 1 0 0 0
sp72 0 0 0 0 0 1 1 1 0 0
sp73 1 0 1 0 1 0 1 0 1 0
sp74 0 0 1 1 1 0 0 0 1 0
sp75 1 0 0 0 0 0 0 0 0 1
sp76 0 0 0 0 1 0 0 1 0 1
sp77 0 1 1 0 0 0 1 0 1 0
sp78 0 0 0 1 1 0 0 0 0 0
sp79 1 0 0 0 0 0 0 0 0 1
sp80 0 0 0 0 0 1 1 0 0 0
sp81 0 0 0 0 0 1 0 1 0 0
sp82 0 0 0 1 0 1 0 1 0 0
sp83 0 0 0 0 0 1 0 1 0 0
sp84 0 0 0 1 0 0 0 0 0 1
sp85 0 0 0 0 0 0 1 1 0 0
sp86 0 0 0 1 0 0 0 0 0 1
sp87 0 0 1 1 1 0 0 1 1 1
sp88 0 1 0 1 0 0 0 0 0 0
sp89 0 0 0 1 1 1 0 0 0 1
sp90 0 1 0 0 0 0 0 0 1 0
sp91 1 0 0 0 1 0 0 0 1 0
sp92 0 0 1 0 1 0 0 0 0 1
sp93 0 0 0 1 0 0 1 0 0 1
sp94 0 0 0 0 1 0 0 0 1 1
sp95 1 0 1 1 1 1 0 1 0 0
sp96 0 0 0 0 0 0 0 1 0 0
sp97 0 0 0 0 1 0 0 0 0 0
sp98 0 0 0 0 1 0 0 0 0 0
sp99 0 0 0 0 0 0 1 0 0 0
sp100 0 0 0 0 0 1 0 0 0 0
