100 30
sp1 1 0 1 0 1 0 1 0 1 1 1 1 1 1 0 1 1 1 1 1 1 0 1 0 1 0 0 1 0 1
sp2 0 1 1 0 1 1 0 0 1 0 1 0 1 1 1 1 1 0 1 1 1 1 1 1 0 1 1 1 1 1
sp3 0 0 1 1 1 1 1 1 1 0 1 1 1 0 1 1 1 1 0 1 0 0 1 0 1 1 0 1 1 1
sp4 0 1 1 1 1 1 1 1 1 1 0 0 0 1 0 1 1 1 1 0 1 1 0 1 1 1 1 1 0 0
sp5 0 1 1 1 1 0 1 0 1 1 1 1 1 0 1 1 1 1 0 1 1 0 0 0 0 0 1 1 1 0
sp6 1 0 1 1 1 0 1 0 1 1 0 1 0 1 1 0 1 1 1 0 1 1 0 1 1 1 0 1 0 1
sp7 1 0 1 1 0 0 1 0 0 1 0 1 1 0 1 0 0 0 1 1 1 0 1 1 1 0 1 1 1 1
sp8 1 1 0 0 1 1 1 1 0 1 1 0 0 1 1 1 1 0 0 1 1 0 1 1 1 0 0 1 1 1
sp9 0 1 1 0 0 1 1 1 0 1 1 1 1 0 0 1 0 0 0 0 1 1 1 1 1 1 1 0 1 1
sp10 1 1 1 1 1 0 1 0 1 0 1 0 1 1 1 1 1 1 1 0 1 0 1 1 0 1 1 1 0 0
sp11 0 1 1 1 0 0 1 1 1 0 1 0 1 1 1 0 0 1 0 1 0 0 0 0 0 0 1 0 0 0
sp12 0 1 0 0 1 0 1 0 0 0 1 1 0 0 0 1 1 1 0 0 1 0 0 0 0 0 0 1 1 0
sp13 1 1 0 0 0 0 1 0 1 1 0 0 0 0 1 0 1 1 0 1 0 1 1 0 0 0 1 0 1 1
sp14 0 1 0 1 1 1 1 0 0 0 0 1 0 1 0 1 0 1 0 0 1 1 0 1 1 1 0 1 0 0
sp15 0 0 0 0 1 0 0 0 1 1 0 0 0 1 1 0 1 0 0 0 0 1 0 0 1 0 1 1 1 0
sp16 0 0 0 0 0 0 0 0 0 0 0 0 1 1 0 1 0 0 0 1 0 0 1 1 0 0 0 1 0 1
sp17 1 1 1 0 0 1 0 0 0 1 0 0 0 0 0 0 0 1 1 0 1 0 0 1 1 0 0 0 1 1
sp18 1 1 0 0 1 0 1 0 1 1 0 1 0 0 0 0 1 1 1 1 0 0 1 1 0 1 1 0 0 0
sp19 1 0 1 0 0 0 0 0 1 0 0 0 0 1 0 1 1 1 1 1 0 0 0 1 0 0 0 0 0 0
sp20 0 0 1 1 0 1 1 1 1 1 1 1 0 0 0 1 1 1 0 0 0 0 0 0 1 1 0 0 0 0
sp21 1 0 0 0 0 1 0 1 0 0 0 1 1 0 1 0 0 0 1 0 1 1 0 0 1 0 0 1 0 0
sp22 0 1 0 0 0 0 0 0 0 1 1 1 0 1 1 0 0 0 1 0 1 0 1 1 0 0 0 0 0 0
sp23 1 1 0 1 0 1 1 0 0 1 0 1 0 1 0 1 0 0 0 0 1 0 0 0 0 1 1 0 1 1
sp24 0 1 0 1 0 0 0 1 0 0 0 0 0 0 0 0 0 0 1 1 1 1 1 0 0 0 0 1 0 0
sp25 0 0 1 1 0 1 1 1 0 0 0 0 0 0 1 0 1 1 0 1 1 1 1 0 0 1 0 1 0 1
sp26 1 1 1 1 0 1 0 1 1 0 1 0 0 1 0 1 0 1 1 0 1 1 1 0 1 0 1 0 0 0
sp27 0 0 1 0 0 0 0 1 1 0 0 1 1 1 0 0 1 0 0 0 1 0 0 1 0 1 1 0 0 0
sp28 1 0 0 1 1 0 1 0 0 0 1 1 1 1 0 0 1 0 1 0 1 0 0 0 0 0 0 0 1 0
sp29 0 0 0 0 0 1 0 0 1 0 0 0 0 0 0 0 0 1 1 0 0 0 1 0 1 0 0 1 1 0
sp30 1 1 1 0 0 1 0 1 0 0 1 0 0 1 1 1 0 0 0 0 1 1 0 1 1 1 1 0 0 0
sp31 1 0 0 1 0 1 0 1 1 0 1 0 1 1 1 1 0 0 1 0 0 0 0 1 1 1 0 0 1 0
sp32 1 1 0 0 0 1 0 0 1 1 0 0 1 1 0 0 0 1 0 1 1 1 0 1 1 1 0 1 1 0
sp33 0 0 1 1 0 0 0 1 0 0 0 0 0 1 1 1 0 0 1 1 1 0 1 0 0 1 0 0 1 0
sp34 1 0 0 1 0 1 1 0 1 0 1 1 1 0 0 0 1 0 1 0 0 1 0 0 0 0 0 0 0 1
sp35 0 1 0 0 1 1 1 0 0 0 0 1 0 0 1 1 0 0 0 1 1 1 0 1 0 0 0 0 0 0
sp36 0 0 0 0 1 1 0 0 1 1 0 0 0 1 1 0 1 0 0 1 0 1 0 0 1 0 1 0 0 0
sp37 1 1 0 0 1 0 0 0 1 1 0 1 0 0 1 0 1 0 1 1 1 1 0 0 0 1 1 1 0 1
sp38 0 1 1 1 0 0 1 1 0 1 1 0 1 0 0 1 0 1 0 0 0 0 1 0 1 0 1 0 0 1
sp39 1 0 0 0 1 1 1 1 0 0 0 0 1 0 1 1 0 1 0 0 1 1 1 0 0 1 1 0 1 0
sp40 1 0 0 1 0 1 0 1 1 0 0 0 0 0 1 0 0 0 0 0 1 0 1 1 0 0 1 0 1 0
sp41 1 0 0 0 0 0 0 1 1 0 1 0 0 1 0 0 1 0 1 1 1 0 1 0 0 1 0 1 0 1
sp42 0 0 0 0 0 0 0 1 0 0 1 0 1 0 0 1 0 1 0 0 0 0 0 0 0 0 1 1 1 0
sp43 0 0 0 1 1 1 0 1 1 1 0 0 1 0 1 0 0 1 0 0 0 1 1 1 1 1 1 0 0 0
sp44 0 0 1 0 0 1 0 0 0 1 1 1 0 0 1 1 0 0 0 1 0 1 1 0 1 0 0 0 0 0
sp45 0 1 1 1 0 0 0 1 0 1 0 0 0 1 0 0 0 0 0 1 0 1 0 0 0 1 1 1 1 1
sp46 1 0 0 1 0 0 0 1 1 1 0 1 0 0 1 0 0 0 1 0 0 1 1 1 1 0 1 1 0 0
sp47 0 0 1 0 1 1 1 0 1 0 0 1 1 1 1 1 1 0 1 1 0 0 1 0 0 0 0 0 0 0
sp48 0 0 1 1 1 1 1 0 0 0 1 0 0 0 1 1 0 1 0 1 0 0 0 1 0 1 1 1 1 0
sp49 0 1 1 0 1 0 0 0 1 0 0 0 1 1 0 1 0 1 1 1 0 0 0 1 1 0 0 0 1 0
sp50 0 1 0 0 0 0 1 0 1 1 0 0 1 1 0 1 0 1 0 1 1 1 0 0 0 0 1 1 0 1
sp51 0 0 0 0 0 0 0 0 0 0 0 0 0 1 0 0 0 0 0 0 0 0 0 0 0 0 0 0 0 1
sp52 0 1 0 0 1 1 0 0 0 1 0 0 1 0 0 0 0 0 0 0 0 1 0 0 0 0 0 1 0 0
sp53 0 0 0 0 1 0 0 0 0 0 0 0 1 0 0 0 0 0 0 0 0 0 0 0 0 0 0 0 0 1
sp54 0 0 1 0 0 0 0 0 0 0 0 0 0 0 0 0 0 0 1 0 1 0 0 0 0 0 0 0 0 0
sp55 1 0 0 0 1 0 1 0 0 0 1 0 0 0 0 0 0 0 0 1 0 1 0 0 1 0 0 1 0 0
sp56 0 0 0 0 0 0 1 0 0 0 0 0 0 0 0 0 0 0 0 0 0 0 0 0 0 1 0 0 0 0
sp57 0 0 0 1 1 0 0 0 0 0 0 0 1 0 0 0 0 0 0 0 0 0 0 0 0 0 0 0 0 0
sp58 0 0 0 0 1 1 0 0 0 0 0 0 0 0 0 0 0 1 0 0 0 1 0 0 0 0 1 1 0 0
sp59 1 0 0 0 0 0 1 0 0 0 1 0 0 0 1 0 0 0 1 0 0 0 0 0 0 0 0 0 0 0
sp60 0 0 0 0 0 0 1 0 0 1 0 1 0 0 1 0 0 0 1 0 0 0 0 1 0 1 0 1 0 0
sp61 0 0 0 0 0 0 0 0 0 0 0 1 1 0 0 0 0 0 0 0 0 0 0 0 0 1 0 0 0 0
sp62 0 0 1 0 0 0 1 0 0 0 0 0 0 0 0 0 0 0 0 0 0 1 0 1 0 0 0 0 0 0
sp63 1 0 0 0 0 0 0 0 0 0 1 0 0 0 0 0 0 0 0 0 0 0 0 0 1 0 0 0 0 0
sp64 0 0 0 0 0 1 0 0 0 0 0 0 0 0 0 0 0 0 0 0 0 0 1 0 0 0 1 0 0 1
sp65 0 0 0 0 0 0 0 0 1 0 0 1 0 0 0 0 0 1 0 0 0 1 0 0 0 0 0 0 0 0
sp66 0 0 0 0 1 0 0 0 0 0 0 0 0 0 0 1 1 0 1 0 0 0 0 0 1 0 0 0 0 0
sp67 0 0 1 0 0 0 0 1 0 1 0 1 0 0 0 0 1 0 0 0 0 0 1 0 0 0 0 0 0 1
sp68 0 0 0 0 0 0 0 1 0 0 0 0 0 0 0 0 0 1 0 0 0 0 0 0 0 0 0 0 0 0
sp69 1 0 0 0 0 0 0 0 0 0 0 0 0 0 1 0 0 0 0 0 0 0 1 0 0 0 0 0 0 0
sp70 0 0 0 1 0 0 0 0 0 0 0 0 0 0 0 0 0 0 1 0 0 0 0 0 0 1 0 0 1 1
sp71 0 1 1 0 0 0 0 0 0 0 1 0 0 0 0 0 0 0 0 1 0 0 0 0 0 0 0 0 0 0
sp72 0 0 0 0 0 0 0 0 0 0 0 0 0 0 0 0 0 0 0 0 0 0 0 0 1 0 0 0 0 1
sp73 0 0 1 0 0 0 0 1 0 0 0 0 1 1 0 0 0 1 0 0 0 1 0 0 0 0 0 0 1 0
sp74 0 0 0 0 0 0 0 0 0 0 0 1 0 1 0 0 0 0 0 0 0 0 0 0 0 0 1 0 1 1
sp75 0 0 0 0 0 1 0 0 0 0 0 0 0 0 0 0 0 0 0 0 0 0 0 1 0 0 0 0 0 0
sp76 0 1 0 0 0 0 0 0 0 0 0 0 0 0 0 0 0 0 0 0 0 0 0 0 0 1 0 0 0 0
sp77 0 0 0 0 0 0 0 0 0 0 0 0 0 0 0 0 0 0 0 0 0 0 0 0 0 0 0 1 0 1
sp78 0 0 0 0 0 0 0 0 0 0 1 0 0 0 0 0 0 0 0 0 0 0 0 0 0 0 0 0 0 1
sp79 0 1 0 0 1 0 0 1 0 0 0 0 0 0 0 1 0 0 0 0 0 0 0 0 1 0 0 0 0 0
sp80 0 0 0 0 0 0 0 0 0 0 0 0 0 0 0 0 0 0 0 0 0 0 0 0 0 0 0 0 1 1
sp81 0 0 0 0 0 0 0 0 0 0 0 0 0 0 0 0 0 0 1 0 0 0 0 0 0 0 0 0 0 1
sp82 0 0 0 0 0 0 0 1 0 0 0 1 0 0 0 0 0 0 0 0 0 0 0 1 0 0 0 0 0 0
sp83 0 0 0 0 1 0 0 0 0 0 0 0 1 0 0 0 1 0 0 0 0 0 0 0 0 0 0 0 0 0
sp84 1 0 0 0 1 0 0 0 0 0 0 0 0 0 0 0 1 0 0 0 0 0 0 0 0 1 0 0 0 0
sp85 0 1 0 0 0 0 0 0 0 1 1 0 0 0 0 0 0 0 0 1 0 1 0 0 0 0 0 0 0 0
sp86 0 0 0 1 0 0 0 0 0 0 0 0 1 0 0 0 1 0 0 1 0 0 0 0 0 0 0 0 0 0
sp87 0 0 0 0 0 0 0 1 0 0 1 0 0 0 1 0 0 0 0 0 0 0 0 0 0 0 0 0 0 0
sp88 1 0 0 0 0 0 0 0 0 0 0 1 0 0 0 0 0 0 0 0 0 0 0 0 0 0 0 0 0 0
sp89 0 0 0 0 0 0 0 0 0 0 1 0 0 0 0 0 0 1 0 0 0 0 1 0 1 0 0 0 0 0
sp90 0 0 0 0 0 0 0 1 0 1 0 0 1 0 0 0 0 0 0 1 0 0 1 1 1 1 0 0 1 0
sp91 0 0 0 0 0 0 0 0 0 1 0 0 0 0 0 0 0 0 0 0 0 0 1 0 0 0 0 0 0 0
sp92 0 0 0 0 0 0 0 1 0 0 1 0 0 0 0 0 0 0 0 0 0 0 0 0 0 0 0 0 0 1
sp93 0 0 0 0 0 0 0 0 1 0 0 1 0 0 0 0 0 0 1 0 0 0 0 1 0 1 1 0 0 0
sp94 1 0 1 1 0 0 0 0 0 0 0 0 0 0 0 0 0 0 0 0 0 0 0 0 0 0 0 0 1 0
sp95 0 0 0 0 0 0 0 0 0 0 0 1 0 0 0 0 0 0 0 0 0 0 0 1 0 0 0 0 0 0
sp96 1 0 0 0 0 0 0 0 0 0 0 0 0 0 0 1 0 0 0 0 0 0 0 0 0 0 0 0 1 0
sp97 0 0 0 0 0 0 0 0 0 1 0 0 0 0 0 0 1 0 0 0 0 0 0 0 0 0 0 0 0 0
sp98 0 0 0 1 0 1 0 0 0 0 0 0 0 0 0 0 0 0 0 0 0 0 0 0 0 0 0 0 0 0
sp99 0 1 0 1 0 0 0 0 0 0 0 0 0 1 0 0 1 0 0 0 0 0 0 0 0 0 1 0 0 0
sp100 0 0 0 1 0 0 0 0 0 0 0 0 0 0 0 0 1 0 0 0 0 0 0 0 0 0 0 0 1 0
