100 10
sp1 1 1 1 0 1 1 1 1 0 1
sp2 1 0 0 0 0 1 0 1 0 1
sp3 1 0 1 1 1 1 1 1 1 0
sp4 1 0 1 1 1 1 0 0 0 0
sp5 1 0 1 1 0 0 1 1 0 0
sp6 1 0 0 1 1 0 0 1 1 0
sp7 1 0 1 0 1 1 0 1 1 0
sp8 0 1 1 0 1 0 1 1 0 0
sp9 0 1 1 0 1 0 0 0 0 0
sp10 1 0 1 1 1 1 1 0 0 0
sp11 1 1 1 0 0 1 0 0 0 0
sp12 0 1 0 1 0 0 1 0 0 0
sp13 1 1 1 0 1 1 1 0 0 0
sp14 1 1 1 0 0 0 0 1 0 0
sp15 0 0 0 1 1 1 1 1 0 0
sp16 1 1 0 1 0 0 1 0 0 0
sp17 0 0 0 0 0 0 0 0 1 1
sp18 1 1 0 1 1 1 0 1 0 0
sp19 1 1 0 0 0 1 1 0 1 0
sp20 1 0 0 0 0 0 0 0 0 1
sp21 1 0 0 1 0 0 1 0 0 0
sp22 1 0 1 1 0 0 1 0 0 0
sp23 0 0 1 0 1 0 1 1 0 0
sp24 0 1 1 0 1 1 1 0 1 0
sp25 0 1 1 0 0 1 0 0 1 0
sp26 0 1 1 0 0 0 0 1 1 0
sp27 0 0 0 0 0 0 1 0 0 1
sp28 0 0 0 0 1 1 0 0 0 0
sp29 1 0 0 0 1 0 0 0 0 0
sp30 1 0 0 0 1 0 1 1 1 0
sp31 0 0 0 0 0 0 0 0 1 1
sp32 1 0 0 0 0 0 0 1 0 0
sp33 0 0 0 0 0 0 0 0 1 1
sp34 0 1 0 0 0 0 1 1 0 0
sp35 0 0 0 0 0 0 0 1 0 1
sp36 1 1 0 1 1 0 0 0 0 0
sp37 1 0 0 0 0 0 0 1 0 0
sp38 0 0 0 0 0 0 0 0 1 1
sp39 1 0 1 1 1 0 0 0 0 0
sp40 0 0 0 0 0 0 0 0 1 1
sp41 0 0 0 1 1 0 0 0 1 0
sp42 0 0 0 0 0 0 0 0 1 1
sp43 0 0 0 0 0 0 0 0 1 1
sp44 0 0 1 0 0 0 0 1 0 0
sp45 0 0 1 0 0 1 0 0 0 0
sp46 0 1 0 0 0 0 0 0 0 1
sp47 0 0 0 0 0 0 1 0 0 1
sp48 0 0 0 0 1 0 0 0 0 1
sp49 1 0 0 0 1 0 0 0 0 0
sp50 0 0 0 0 0 0 1 0 0 1
sp51 1 0 1 0 0 0 0 0 0 0
sp52 0 0 0 0 0 1 0 0 0 1
sp53 0 0 0 0 0 0 0 0 1 1
sp54 0 0 0 1 0 0 0 0 0 1
sp55 0 1 0 0 0 0 0 0 0 1
sp56 0 0 0 0 0 0 0 0 1 1
sp57 0 0 0 0 0 0 1 0 0 1
sp58 0 0 0 0 1 0 0 1 0 0
sp59 1 0 1 0 0 0 0 0 0 0
sp60 0 1 0 1 0 0 1 0 0 0
sp61 1 0 0 0 0 0 0 0 0 1
sp62 0 0 0 1 0 1 1 0 0 0
sp63 0 0 0 0 0 1 0 1 0 0
sp64 0 1 1 0 0 0 0 0 0 0
sp65 0 1 0 0 0 0 0 0 1 0
sp66 0 1 0 1 0 1 0 0 0 0
sp67 0 1 0 1 0 0 0 1 0 0
sp68 1 0 0 1 0 1 0 0 0 0
sp69 0 1 0 0 0 1 0 0 1 0
sp70 0 0 0 0 0 0 0 1 1 0
sp71 0 0 0 1 0 0 0 0 0 1
sp72 0 0 1 0 0 0 0 0 0 1
sp73 0 0 1 0 1 0 1 1 0 0
sp74 0 1 1 0 0 1 0 1 0 0
sp75 0 1 0 0 0 1 0 1 0 0
sp76 0 0 0 1 1 0 0 0 0 0
sp77 0 0 1 1 1 0 0 0 0 0
sp78 0 0 0 0 1 1 0 1 0 0
sp79 0 0 1 1 0 0 0 0 1 0
sp80 0 1 0 0 0 1 0 1 0 0
sp81 0 0 0 0 0 1 0 0 0 1
sp82 0 0 0 1 0 0 0 1 0 0
sp83 1 0 0 1 0 0 0 0 0 0
sp84 0 0 0 1 1 0 0 0 0 0
sp85 0 0 0 1 0 0 0 0 0 1
sp86 0 1 0 0 0 1 1 0 0 0
sp87 0 0 0 1 1 0 0 0 0 0
sp88 0 0 0 0 0 0 0 1 1 0
sp89 0 0 1 0 0 0 1 0 0 0
sp90 0 0 0 0 0 0 1 1 0 0
sp91 0 0 0 1 1 1 1 0 1 0
sp92 0 0 1 0 0 0 1 0 0 0
sp93 0 0 1 0 1 0 0 0 0 0
sp94 0 0 0 0 0 0 0 0 1 1
sp95 0 1 0 0 0 1 0 0 1 0
sp96 0 0 0 0 0 1 1 0 1 0
sp97 0 0 0 0 0 0 0 0 1 1
sp98 1 1 0 0 0 0 0 0 0 0
sp99 0 1 0 0 0 0 1 0 1 0
sp100 0 0 0 0 0 0 0 0 1 1
