100 30
sp1 1 0 1 0 0 1 0 0 0 0 0 0 0 0 0 1 0 1 1 0 1 0 0 1 0 0 0 0 0 1
sp2 0 0 1 0 1 0 0 1 0 0 0 0 1 1 0 0 1 1 1 0 1 0 0 0 0 0 0 0 0 0
sp3 1 0 0 1 0 0 0 1 0 0 0 0 1 0 0 1 1 0 0 1 1 1 0 0 0 0 0 0 0 0
sp4 0 0 1 1 0 0 1 1 1 0 1 0 0 0 0 0 0 0 0 1 0 1 1 0 0 0 0 0 0 0
sp5 1 0 1 0 0 0 0 1 0 1 0 0 0 0 1 0 0 0 0 1 0 1 1 0 0 1 0 0 0 0
sp6 1 0 0 0 1 1 0 1 0 0 0 0 0 0 0 1 1 1 1 0 0 1 0 0 0 0 0 0 0 0
sp7 0 1 0 1 0 0 1 0 1 0 0 1 0 0 0 0 0 1 0 0 1 0 0 0 0 1 0 0 1 0
sp8 0 0 1 1 1 1 0 0 0 0 0 1 1 0 1 0 0 0 0 1 1 0 0 0 0 0 0 0 0 0
sp9 1 1 0 1 0 0 0 0 1 1 0 0 0 1 0 0 0 0 0 0 0 1 0 1 0 0 0 0 1 0
sp10 1 0 1 1 1 1 0 0 0 0 1 0 0 0 0 0 0 0 1 0 0 0 0 0 0 1 1 0 0 0
sp11 1 1 0 1 1 0 0 1 1 0 1 0 1 0 0 0 1 0 0 0 0 0 0 0 0 0 0 0 0 0
sp12 0 1 0 0 1 0 1 1 1 1 1 0 0 0 0 0 0 1 0 0 0 1 0 0 0 0 0 0 0 0
sp13 1 1 0 0 0 1 0 1 0 0 0 0 1 0 0 0 0 0 0 1 1 0 0 0 0 0 1 0 1 0
sp14 1 1 1 1 0 0 1 1 0 0 0 0 1 0 0 0 0 1 1 0 0 0 0 0 0 0 0 0 0 0
sp15 0 1 1 1 0 0 1 0 0 1 0 1 0 0 1 1 0 0 0 0 0 1 0 0 0 0 0 0 0 0
sp16 1 0 1 1 0 0 1 0 1 0 0 0 0 0 1 0 0 0 1 0 1 1 0 0 0 0 0 0 0 0
sp17 1 0 1 1 0 0 1 1 1 0 0 1 1 0 0 0 1 0 0 0 0 0 0 0 0 0 0 0 0 0
sp18 0 0 1 1 0 1 0 0 0 1 0 1 0 1 0 0 0 0 0 1 1 0 0 0 0 0 0 0 0 1
sp19 0 1 1 1 0 1 0 0 0 0 0 0 1 1 1 0 1 0 0 0 1 0 0 0 0 0 0 0 0 0
sp20 0 0 0 1 1 0 0 1 0 0 0 0 1 0 0 0 1 0 1 0 1 0 0 0 0 1 0 0 1 0
sp21 0 1 1 0 1 1 0 0 1 0 0 0 0 0 0 0 0 1 1 0 0 1 1 0 0 0 0 0 0 0
sp22 0 0 1 0 1 0 1 1 0 0 0 0 1 0 0 0 1 0 0 0 1 0 0 1 0 1 0 0 0 0
sp23 1 1 0 1 1 1 0 1 0 0 0 0 0 0 0 1 0 0 1 0 0 0 0 1 0 0 0 0 0 0
sp24 1 0 0 0 1 0 1 0 0 0 0 0 0 1 1 0 0 0 0 1 1 0 0 1 1 0 0 0 0 0
sp25 0 1 1 0 0 0 1 1 0 1 0 0 0 0 1 0 1 0 0 0 1 0 0 0 0 1 0 0 0 0
sp26 0 0 1 1 1 0 0 0 0 0 0 1 0 0 1 0 0 0 1 0 1 0 1 0 0 0 0 0 1 0
sp27 0 0 1 1 0 1 0 0 0 0 1 0 1 1 0 0 1 0 0 0 0 0 0 0 0 0 1 0 1 0
sp28 0 0 1 1 0 0 0 1 1 0 0 0 0 0 1 1 0 0 0 0 0 1 0 1 1 0 0 0 0 0
sp29 0 0 1 1 1 1 0 0 1 1 0 0 0 0 0 0 1 0 1 1 0 0 0 0 0 0 0 0 0 0
sp30 0 0 1 1 1 0 1 0 1 0 1 0 0 0 0 0 0 0 0 0 1 0 0 0 0 0 1 0 1 0
sp31 0 0 1 0 0 1 1 1 0 1 0 1 0 0 1 0 0 0 1 0 1 0 0 0 0 0 0 0 0 0
sp32 0 1 1 0 0 1 0 0 0 0 1 0 0 0 0 0 0 1 1 1 1 0 0 0 0 0 0 1 0 0
sp33 1 0 1 1 0 1 1 1 0 0 1 1 0 0 0 0 0 0 1 0 0 0 0 0 0 0 0 0 0 0
sp34 1 1 0 1 1 0 0 1 0 0 1 0 0 0 0 1 0 0 1 0 0 0 0 1 0 0 0 0 0 0
sp35 1 1 0 1 1 0 0 1 0 0 0 0 0 1 1 0 0 0 1 0 1 0 0 0 0 0 0 0 0 0
sp36 1 1 1 1 0 1 1 0 1 0 0 0 0 0 0 0 0 0 0 0 1 0 0 0 0 0 0 0 0 1
sp37 0 0 1 1 1 0 1 1 0 0 1 0 0 0 1 0 0 1 0 1 0 0 0 0 0 0 0 0 0 0
sp38 0 0 0 0 1 0 1 1 1 0 0 0 1 1 0 0 1 1 0 0 0 0 0 0 1 0 0 0 0 0
sp39 0 0 0 0 1 0 1 1 0 1 1 1 0 0 0 0 0 0 0 1 1 1 0 0 0 0 0 0 0 0
sp40 1 1 0 1 0 0 0 1 0 1 0 1 0 0 0 0 0 0 1 1 0 0 0 0 0 0 0 0 0 1
sp41 1 1 0 0 1 0 1 0 0 1 0 1 0 0 0 0 1 0 0 1 1 0 0 0 0 0 0 0 0 0
sp42 0 1 0 1 0 1 0 1 1 0 1 1 1 0 0 0 1 0 0 0 0 0 0 0 0 0 0 0 0 0
sp43 0 0 0 1 1 1 1 1 0 0 0 0 1 0 0 0 0 0 0 0 1 1 1 0 0 0 0 0 0 0
sp44 0 1 0 1 0 0 0 1 1 0 1 0 0 0 0 0 0 0 1 1 0 1 0 0 0 1 0 0 0 0
sp45 0 0 0 0 1 0 0 0 0 0 0 0 0 1 0 0 0 1 0 1 1 1 0 1 0 0 1 1 0 0
sp46 0 0 0 0 1 1 1 0 1 0 1 0 0 1 0 0 0 0 1 0 0 0 0 0 0 0 0 1 0 1
sp47 1 1 0 1 1 0 0 0 1 1 1 0 0 1 0 1 0 0 0 0 0 0 0 0 0 0 0 0 0 0
sp48 0 0 0 0 1 0 1 1 0 0 0 0 1 1 1 0 0 1 1 0 1 0 0 0 0 0 0 0 0 0
sp49 1 0 0 1 0 1 1 1 1 0 0 0 1 0 0 1 0 1 0 0 0 0 0 0 0 0 0 0 0 0
sp50 0 0 1 1 1 0 1 0 0 0 0 0 1 0 0 0 0 0 0 0 0 0 0 1 1 0 1 1 0 0
sp51 0 1 1 1 1 1 1 0 0 0 0 0 1 0 0 0 1 0 0 0 0 0 0 0 1 0 0 0 0 0
sp52 0 0 1 0 0 0 0 1 1 0 0 0 0 1 0 0 0 0 0 1 0 0 0 1 0 1 1 0 0 1
sp53 1 0 1 1 0 0 0 1 0 1 0 1 0 0 0 1 1 0 1 0 0 0 0 0 0 0 0 0 0 0
sp54 0 0 0 1 0 0 1 1 0 1 1 0 0 0 0 0 0 1 0 0 1 0 0 0 0 1 0 1 0 0
sp55 0 1 0 1 0 1 0 0 0 0 0 1 0 0 0 1 1 1 1 0 0 0 0 0 0 0 1 0 0 0
sp56 0 1 1 1 0 1 1 0 0 1 0 0 0 0 0 0 1 0 0 0 0 0 0 0 0 0 1 0 0 1
sp57 0 0 1 1 1 1 1 0 0 0 0 0 1 0 1 0 0 0 0 0 0 1 0 0 0 0 0 0 0 1
sp58 0 1 0 0 0 1 0 1 0 1 0 0 1 1 0 1 0 0 0 1 1 0 0 0 0 0 0 0 0 0
sp59 0 1 1 1 0 1 1 0 1 0 0 0 1 0 0 0 0 0 1 0 0 0 0 0 0 0 0 1 0 0
sp60 1 1 0 1 0 0 0 0 0 0 0 1 1 0 0 0 0 1 1 1 0 0 0 0 0 0 0 0 0 1
sp61 0 0 0 1 1 1 0 1 0 0 1 0 0 0 0 1 0 0 1 0 1 1 0 0 0 0 0 0 0 0
sp62 0 0 0 1 0 1 1 0 0 0 0 1 0 1 0 0 1 1 0 1 1 0 0 0 0 0 0 0 0 0
sp63 1 0 0 0 0 0 1 1 1 0 1 0 0 0 0 0 0 1 0 1 0 1 0 0 0 0 0 1 0 0
sp64 0 1 0 1 1 1 1 1 0 0 0 0 0 0 0 0 0 0 1 0 0 1 0 0 0 0 1 0 0 0
sp65 0 0 1 1 0 1 1 1 0 0 1 1 0 0 1 1 0 0 0 0 0 0 0 0 0 0 0 0 0 0
sp66 1 0 0 1 0 1 1 0 0 1 1 0 1 1 0 0 1 0 0 0 0 0 0 0 0 0 0 0 0 0
sp67 0 0 1 1 1 1 0 1 0 1 0 1 0 1 0 0 0 0 0 0 0 0 0 0 0 0 1 0 0 0
sp68 1 0 0 0 1 1 1 0 0 0 1 1 0 1 0 0 0 1 0 0 1 0 0 0 0 0 0 0 0 0
sp69 1 0 1 1 0 1 1 1 0 0 0 0 0 0 0 0 1 0 0 0 1 0 0 0 1 0 0 0 0 0
sp70 0 1 0 0 1 1 0 0 0 0 0 0 1 0 1 0 0 1 1 0 0 1 0 0 0 1 0 0 0 0
sp71 0 1 1 0 0 0 1 1 0 0 0 1 0 0 0 0 0 0 0 1 0 0 0 0 0 1 0 1 1 0
sp72 0 1 1 0 1 1 1 0 0 0 1 0 1 0 1 0 0 0 0 0 0 1 0 0 0 0 0 0 0 0
sp73 1 0 1 0 0 0 0 1 0 0 0 1 0 1 1 0 0 0 1 0 0 1 0 0 0 1 0 0 0 0
sp74 1 0 1 1 1 1 0 1 0 0 0 0 1 0 0 0 0 1 0 0 0 0 0 0 0 1 0 0 0 0
sp75 0 0 0 0 1 0 0 1 0 0 0 0 0 0 1 1 0 1 1 1 0 1 0 0 0 0 0 0 1 0
sp76 1 1 0 0 0 1 0 1 0 0 0 1 0 0 0 0 1 1 0 1 0 1 0 0 0 0 0 0 0 0
sp77 1 1 0 1 0 1 0 0 0 1 1 0 0 0 0 0 0 0 0 1 1 0 0 1 0 0 0 0 0 0
sp78 1 1 1 0 0 0 0 1 0 1 0 1 0 1 0 0 1 0 0 1 0 0 0 0 0 0 0 0 0 0
sp79 1 1 0 0 1 0 0 0 0 1 0 0 0 1 0 0 1 0 0 1 1 0 0 0 0 0 0 1 0 0
sp80 1 1 1 1 1 1 0 1 1 0 0 0 0 0 0 0 0 0 0 0 0 0 0 0 0 0 0 1 0 0
sp81 1 1 1 0 0 0 1 1 0 1 1 0 0 0 0 0 0 1 0 0 0 1 0 0 0 0 0 0 0 0
sp82 1 1 0 1 0 1 1 0 0 0 0 0 1 0 1 0 0 0 0 0 0 1 1 0 0 0 0 0 0 0
sp83 1 1 1 1 1 1 0 1 0 0 0 0 0 0 1 0 0 0 1 0 0 0 0 0 0 0 0 0 0 0
sp84 1 0 1 0 1 0 0 0 0 0 0 0 0 1 1 0 1 0 0 0 0 1 0 0 1 0 0 0 1 0
sp85 1 0 1 0 0 1 1 0 0 0 0 0 0 1 0 1 0 0 0 0 0 1 0 0 0 0 1 0 1 0
sp86 0 0 0 1 1 0 0 0 0 0 0 0 1 0 0 0 1 1 1 1 0 1 0 0 0 0 0 0 1 0
sp87 1 1 1 0 1 0 1 0 0 1 0 0 1 0 0 0 0 1 0 1 0 0 0 0 0 0 0 0 0 0
sp88 1 1 1 1 1 0 0 0 0 0 1 0 0 1 1 1 0 0 0 0 0 0 0 0 0 0 0 0 0 0
sp89 1 0 0 1 0 1 0 1 1 0 0 0 0 0 0 0 0 0 0 0 1 1 0 1 0 0 0 0 0 1
sp90 1 0 1 0 1 1 1 1 0 1 0 0 0 0 0 0 0 0 1 0 0 0 0 0 0 0 0 0 1 0
sp91 1 0 0 1 1 1 0 0 1 0 1 1 0 1 0 0 0 0 0 0 1 0 0 0 0 0 0 0 0 0
sp92 0 0 1 0 0 1 0 1 0 0 0 1 1 0 1 1 0 0 1 0 0 0 0 0 1 0 0 0 0 0
sp93 0 1 1 1 1 0 0 1 0 1 0 0 0 0 0 1 0 1 1 0 0 0 0 0 0 0 0 0 0 0
sp94 0 0 0 1 1 0 1 0 1 0 0 1 1 1 0 0 0 0 1 0 0 1 0 0 0 0 0 0 0 0
sp95 0 0 1 0 1 0 1 0 0 1 1 1 0 0 1 0 0 0 1 0 0 1 0 0 0 0 0 0 0 0
sp96 0 1 1 1 0 0 0 0 0 1 1 0 0 1 0 1 0 0 0 0 0 1 0 1 0 0 0 0 0 0
sp97 1 1 0 0 1 0 0 0 0 0 1 0 1 1 0 0 0 0 0 0 0 0 0 0 1 0 1 0 1 0
sp98 1 0 1 0 0 1 0 1 1 1 0 0 0 1 0 0 0 0 0 1 0 0 0 1 0 0 0 0 0 0
sp99 1 1 1 1 1 0 0 1 1 1 0 1 0 0 0 0 0 0 0 0 0 0 0 0 0 0 0 0 0 0
sp100 1 1 0 0 1 0 1 0 0 0 0 0 1 1 0 0 0 1 0 0 0 1 0 0 1 0 0 0 0 0
