100 30
sp1 0 1 1 1 1 1 1 1 1 1 1 1 1 1 0 1 1 1 1 0 1 0 1 1 0 1 1 0 1 1
sp2 1 1 1 0 1 1 0 1 1 1 0 1 1 1 0 1 1 1 0 1 1 1 1 0 1 1 0 1 1 0
sp3 1 1 1 0 1 1 1 1 1 1 0 0 1 0 1 1 1 1 0 0 1 1 0 1 1 1 1 0 1 0
sp4 1 1 0 1 1 0 1 1 0 1 1 1 1 1 1 1 1 0 0 1 1 1 1 0 0 0 1 1 0 1
sp5 0 1 1 1 1 0 1 1 1 0 0 0 1 1 0 0 1 1 1 1 0 0 1 1 0 1 1 0 1 0
sp6 0 1 1 1 0 1 0 1 1 0 1 0 1 0 1 0 1 0 1 1 1 1 1 1 1 1 1 1 1 1
sp7 1 1 1 0 1 1 1 0 1 1 0 0 1 1 0 1 1 0 1 1 0 1 1 1 0 1 1 0 1 1
sp8 0 1 1 0 1 1 1 0 1 1 0 1 1 1 0 0 0 0 1 0 1 0 1 1 1 0 0 0 1 1
sp9 1 0 1 1 0 0 0 1 0 0 1 1 0 1 1 0 1 1 1 1 0 1 1 1 1 1 1 0 0 1
sp10 1 0 1 0 1 0 0 0 1 1 1 1 1 0 0 1 0 1 0 1 1 1 0 1 0 1 1 0 1 0
sp11 1 1 1 1 1 1 1 0 1 0 1 0 1 1 1 1 0 0 0 1 1 1 1 1 0 1 1 1 1 0
sp12 1 1 1 1 1 1 1 1 0 0 1 1 1 1 1 1 0 0 1 0 0 0 0 0 1 0 1 0 1 1
sp13 1 1 1 0 1 1 1 1 1 1 1 1 0 1 1 0 1 1 0 1 0 0 1 1 0 0 0 0 1 1
sp14 0 1 0 0 0 1 1 1 0 0 1 1 1 1 1 1 1 0 0 1 0 1 0 1 1 1 1 1 0 0
sp15 1 1 0 0 1 0 1 0 1 1 1 0 0 0 0 1 1 1 0 0 1 0 1 0 1 1 0 1 1 1
sp16 1 0 1 1 1 1 1 0 0 0 1 0 1 1 0 1 0 1 0 0 1 1 1 1 1 0 0 1 0 1
sp17 0 1 1 1 0 1 1 1 0 1 1 0 0 1 1 1 0 1 0 1 1 1 1 0 1 1 1 0 0 1
sp18 1 1 1 1 0 1 1 0 1 0 0 0 1 1 1 1 1 1 1 1 0 1 1 1 1 0 0 1 0 1
sp19 1 1 1 1 1 0 1 0 1 1 0 1 1 1 1 1 1 1 0 0 0 1 1 0 0 1 0 0 1 1
sp20 1 0 1 1 0 1 0 1 0 1 1 1 1 1 0 1 1 0 0 1 1 1 1 1 1 0 1 0 1 1
sp21 0 1 1 0 0 1 0 0 1 1 1 0 1 1 1 0 0 0 1 1 0 1 0 1 1 1 1 1 1 1
sp22 1 0 0 1 1 0 0 1 1 1 0 0 1 0 0 1 1 1 1 1 1 1 1 1 1 1 0 1 1 0
sp23 1 0 0 0 1 0 1 0 1 1 1 0 1 1 1 1 1 1 0 0 1 1 0 1 1 1 1 1 1 1
sp24 1 0 0 1 1 1 0 1 0 0 1 0 1 1 1 1 1 1 1 0 0 1 1 1 0 0 0 1 0 1
sp25 0 0 0 1 1 0 1 1 1 1 1 1 1 0 1 0 1 1 1 0 1 1 0 1 1 0 1 1 1 0
sp26 0 0 1 1 1 0 0 1 1 1 1 0 0 0 0 1 1 0 1 1 1 1 0 1 1 1 1 0 0 1
sp27 0 1 0 1 1 1 0 0 1 0 0 1 0 1 0 1 1 0 0 1 1 0 1 1 0 1 1 1 1 1
sp28 1 0 0 0 0 1 0 0 0 0 0 1 0 1 1 0 0 1 0 1 0 0 1 0 0 1 0 0 1 1
sp29 0 1 1 1 0 1 0 0 0 1 1 0 1 0 0 1 1 1 1 1 1 0 0 1 0 1 0 0 0 1
sp30 0 0 1 1 0 1 0 1 1 0 1 1 1 0 0 0 1 0 0 1 0 1 1 0 0 0 0 1 0 0
sp31 1 0 1 1 1 0 1 0 1 1 1 0 1 1 0 1 1 1 0 0 1 0 0 1 0 1 1 1 1 1
sp32 0 1 1 1 1 0 0 0 0 1 0 0 0 0 1 1 1 0 0 1 1 1 1 0 0 0 0 1 1 0
sp33 0 1 1 0 0 1 1 0 1 1 1 0 1 0 1 0 1 1 1 1 1 1 1 0 0 1 0 1 0 0
sp34 1 1 1 1 0 1 1 1 1 1 1 0 0 0 0 0 0 1 0 1 1 1 1 0 0 0 0 1 0 0
sp35 1 1 0 0 1 0 1 1 0 1 1 1 0 1 1 1 1 0 1 1 1 0 1 1 1 1 0 0 0 1
sp36 1 1 0 1 0 1 1 1 1 0 1 0 0 0 0 0 0 1 0 0 0 0 0 1 0 1 0 0 0 0
sp37 0 0 1 1 0 0 0 0 1 0 0 1 1 0 0 0 0 1 0 1 1 1 0 1 1 1 1 0 1 1
sp38 0 1 0 1 0 1 1 0 1 1 1 0 1 1 0 1 0 0 1 0 0 1 0 0 0 0 0 1 1 1
sp39 1 0 0 0 1 1 1 1 0 1 0 0 0 1 0 0 1 1 0 0 0 1 0 1 1 1 1 0 0 0
sp40 0 1 1 0 0 1 0 0 0 0 0 1 1 1 1 1 1 0 1 1 1 1 1 1 1 1 1 1 0 0
sp41 0 0 0 1 0 1 0 1 0 0 1 1 1 1 1 1 1 0 1 0 1 1 1 0 1 0 0 0 0 0
sp42 1 0 0 1 1 0 0 1 0 1 0 0 0 0 0 1 0 0 1 0 0 0 1 0 0 1 0 1 0 1
sp43 1 1 1 0 0 1 1 1 1 0 0 1 0 0 0 0 0 1 0 0 1 1 0 1 0 1 1 1 1 0
sp44 0 0 1 1 0 0 1 1 1 0 1 1 0 0 0 0 0 0 1 1 0 1 1 0 1 0 1 1 0 0
sp45 1 1 0 0 0 1 0 0 1 1 0 1 0 0 0 0 1 0 1 0 1 0 0 1 1 0 1 1 1 0
sp46 0 1 1 1 1 0 0 1 1 0 0 0 1 1 1 1 0 1 1 1 1 0 1 0 1 1 0 1 0 0
sp47 1 0 1 0 1 0 1 1 0 0 1 1 1 0 1 0 0 0 1 0 0 0 0 0 0 0 1 1 0 1
sp48 0 1 0 1 1 1 0 0 1 0 0 0 1 1 1 1 1 1 1 0 0 0 0 1 1 0 0 0 1 0
sp49 1 1 1 1 1 1 0 1 1 1 0 0 0 0 0 1 0 1 0 1 1 0 0 1 1 1 1 0 1 1
sp50 0 0 1 1 1 0 1 1 0 1 1 1 0 0 0 1 0 1 1 0 0 1 0 1 0 0 0 0 1 0
sp51 1 0 0 1 1 0 0 0 0 1 1 1 0 1 0 0 1 0 1 1 1 0 0 0 1 0 0 1 0 0
sp52 0 1 0 1 1 0 1 1 1 0 0 0 0 1 1 0 1 1 0 1 1 1 1 0 1 0 1 1 0 0
sp53 0 0 1 1 0 0 0 1 1 0 0 1 0 0 0 1 1 0 0 1 1 0 0 0 1 0 1 0 0 0
sp54 1 0 1 1 0 1 1 1 1 1 0 1 0 1 1 0 0 1 0 1 0 0 1 0 0 0 0 0 1 1
sp55 1 1 1 1 0 0 0 0 1 0 1 0 0 0 1 1 0 0 1 0 1 0 1 1 0 0 0 0 1 0
sp56 1 0 0 0 1 1 0 0 0 1 1 1 1 1 1 0 1 1 1 1 1 1 0 0 1 0 0 1 0 1
sp57 0 1 1 1 0 1 1 0 1 1 1 0 1 0 1 0 1 0 1 0 0 0 1 0 1 1 0 0 1 1
sp58 1 0 0 0 1 1 1 0 0 0 0 1 1 0 0 1 1 0 1 0 0 1 0 1 0 1 1 1 1 1
sp59 1 0 0 1 0 0 1 0 0 0 1 0 1 0 1 0 1 0 0 1 0 1 1 1 1 1 0 1 1 1
sp60 0 1 1 0 0 1 1 1 1 1 0 1 0 0 1 0 1 1 0 1 0 1 0 0 1 1 0 0 1 0
sp61 1 1 0 1 0 0 0 1 1 1 1 1 0 0 1 0 0 1 1 0 1 1 0 0 0 0 1 1 0 0
sp62 0 0 0 0 1 1 0 0 1 1 0 0 0 1 1 1 0 1 0 1 0 1 1 1 1 1 0 1 1 1
sp63 0 1 0 0 1 0 0 1 0 1 1 0 0 0 0 0 0 0 0 1 0 0 1 0 1 0 0 0 1 0
sp64 1 0 1 1 1 0 0 0 0 1 1 0 1 1 1 0 1 1 1 0 1 0 1 1 0 1 0 0 1 0
sp65 1 0 1 1 0 0 1 1 1 0 1 1 0 1 0 0 0 0 0 1 1 1 0 0 1 0 1 1 0 1
sp66 1 0 1 0 1 0 1 0 0 1 1 0 1 1 0 1 1 1 1 0 0 1 1 1 0 1 1 1 0 0
sp67 1 0 0 1 1 1 0 1 0 0 0 0 0 0 0 1 0 1 1 1 0 1 1 1 0 0 1 1 0 0
sp68 1 0 0 0 0 1 1 1 0 0 0 1 1 0 1 0 0 1 0 0 0 0 0 1 1 0 1 1 0 1
sp69 1 1 0 1 0 1 0 0 0 1 0 1 1 1 0 0 1 0 0 1 1 0 1 0 1 1 0 0 1 1
sp70 0 0 0 1 0 1 1 0 0 0 0 0 1 0 1 0 0 1 1 1 0 0 0 1 1 0 1 1 0 1
sp71 0 0 0 0 1 0 0 0 0 1 0 0 0 0 1 0 1 0 1 0 1 0 0 1 1 0 0 0 1 1
sp72 1 0 0 0 0 0 0 1 0 0 1 1 0 1 1 0 1 0 0 0 1 0 0 0 1 0 1 0 0 0
sp73 0 0 0 0 0 0 0 0 0 0 0 1 0 1 1 1 0 0 1 0 1 0 0 0 0 0 0 1 1 1
sp74 0 0 0 0 0 0 0 0 1 0 0 1 0 0 0 0 1 1 1 0 0 0 0 0 0 1 0 0 0 1
sp75 0 0 1 0 1 1 0 1 0 0 0 1 0 0 0 1 0 0 1 0 0 1 0 0 1 1 1 1 0 0
sp76 0 0 1 0 1 0 1 1 0 1 0 1 1 1 1 1 0 0 0 0 1 0 0 1 1 0 1 0 1 0
sp77 0 1 0 0 0 0 1 1 0 0 1 0 1 0 0 0 0 1 1 1 0 0 0 0 0 0 0 0 0 1
sp78 0 0 0 0 1 0 1 1 0 1 1 0 1 0 0 1 0 0 0 1 0 0 0 0 0 1 0 0 1 1
sp79 0 0 0 0 1 1 1 0 1 1 0 1 0 1 1 1 1 0 0 0 1 0 0 0 0 0 0 0 0 0
sp80 0 0 1 0 0 0 0 1 0 1 0 1 1 0 0 1 0 0 0 0 0 1 1 0 0 1 0 1 1 0
sp81 0 0 0 0 0 1 0 1 0 1 1 1 0 0 1 1 0 0 1 0 0 1 1 0 1 1 1 1 0 0
sp82 0 1 0 1 1 0 1 1 0 1 0 0 0 0 0 1 0 1 0 0 1 0 1 1 0 1 0 0 0 0
sp83 1 0 1 0 0 1 0 0 0 0 1 0 0 1 1 0 1 0 0 0 0 1 0 0 0 0 1 1 1 1
sp84 0 0 0 1 0 0 1 0 0 0 0 0 0 0 1 0 0 0 1 1 0 0 1 1 1 1 0 0 0 1
sp85 0 1 1 0 1 0 0 0 0 0 0 0 0 0 1 0 0 1 1 0 1 0 0 0 1 0 0 0 0 1
sp86 0 1 1 0 0 0 1 1 1 0 0 0 0 0 0 1 1 0 0 1 0 1 1 1 0 1 1 1 0 0
sp87 1 0 1 0 0 0 0 0 1 0 0 1 0 0 0 1 0 0 0 0 0 0 1 0 0 0 1 0 1 0
sp88 0 1 0 0 0 0 1 0 1 0 1 1 1 1 0 0 0 0 1 0 1 0 0 0 0 1 0 0 0 0
sp89 1 0 0 1 0 0 0 1 0 1 0 1 1 1 0 0 0 0 1 1 0 1 1 1 0 0 0 0 1 0
sp90 1 1 0 0 0 0 0 0 0 1 0 1 0 1 0 0 0 1 0 0 1 1 0 0 0 0 1 0 0 0
sp91 0 1 0 0 0 1 0 0 0 0 0 0 0 0 1 1 1 0 1 0 0 0 1 0 0 0 0 1 0 0
sp92 0 0 0 1 0 0 1 0 1 0 1 0 0 0 1 0 0 1 0 0 1 0 0 0 0 0 1 0 0 0
sp93 0 0 0 0 0 1 0 0 1 0 0 0 1 0 0 0 0 0 0 1 0 0 0 0 1 0 1 0 0 1
sp94 1 1 1 0 0 1 0 0 1 0 0 0 0 1 0 0 0 1 0 0 0 1 0 0 0 1 1 1 0 0
sp95 0 1 1 0 1 1 1 1 0 0 0 0 0 1 1 0 0 1 1 1 0 0 0 0 0 0 0 1 0 0
sp96 1 0 0 0 1 0 1 1 0 0 0 1 0 1 1 0 0 0 1 0 0 0 0 1 0 0 0 0 1 0
sp97 1 0 0 0 0 0 0 0 0 1 1 1 1 0 0 0 0 1 1 0 0 0 0 1 0 0 1 0 1 1
sp98 1 1 0 0 1 1 0 0 0 0 1 0 0 1 0 0 1 0 0 0 1 0 0 0 0 0 0 1 0 1
sp99 0 1 0 1 1 0 1 0 0 0 0 1 0 0 0 0 0 0 0 1 0 0 1 0 1 0 1 1 0 1
sp100 0 1 0 0 0 0 0 0 1 0 1 1 1 0 1 1 0 1 0 0 0 0 0 0 1 1 1 0 1 0
