100 10
sp1 1 0 0 0 0 0 1 0 1 0
sp2 1 0 0 0 0 0 0 1 1 0
sp3 1 0 0 0 0 0 0 1 0 1
sp4 0 0 1 0 0 0 0 0 1 1
sp5 0 0 1 0 1 0 0 1 0 0
sp6 0 1 0 0 0 0 0 0 0 1
sp7 0 0 0 0 0 1 0 1 0 1
sp8 0 0 0 1 0 0 1 0 1 0
sp9 0 0 1 1 1 0 1 0 0 0
sp10 0 0 0 0 0 0 1 1 1 1
sp11 1 0 0 1 0 1 0 0 0 1
sp12 0 0 0 0 1 0 1 0 0 0
sp13 0 0 1 0 0 0 1 1 0 1
sp14 1 0 0 0 0 1 0 0 0 1
sp15 0 0 0 0 1 0 0 0 1 0
sp16 0 0 0 0 0 0 1 1 1 1
sp17 0 1 0 1 0 1 0 1 0 0
sp18 0 0 0 1 0 0 0 0 1 1
sp19 1 0 0 1 0 0 1 0 0 0
sp20 1 0 0 1 0 1 0 0 0 0
sp21 1 1 1 0 0 0 0 1 0 0
sp22 0 0 0 0 1 0 0 0 1 0
sp23 0 0 0 0 0 1 0 0 0 1
sp24 1 0 0 0 0 0 0 0 0 1
sp25 0 1 0 0 1 0 0 0 1 0
sp26 1 0 0 0 0 1 0 0 0 1
sp27 0 1 1 0 1 0 0 0 0 0
sp28 0 0 0 0 0 0 1 1 0 1
sp29 1 1 0 1 0 0 0 1 0 0
sp30 0 0 1 1 0 0 0 0 1 1
sp31 1 0 0 0 0 0 0 0 1 0
sp32 0 0 0 1 0 1 0 0 1 0
sp33 0 0 1 1 0 0 0 0 0 0
sp34 0 1 0 0 1 0 0 0 0 0
sp35 1 0 0 1 1 0 0 0 0 0
sp36 0 1 0 0 0 0 1 0 1 0
sp37 1 0 1 0 0 0 1 0 0 0
sp38 0 1 0 1 0 0 1 1 0 0
sp39 0 0 1 0 0 1 0 0 0 1
sp40 1 0 0 0 0 1 0 0 0 1
sp41 1 0 1 0 1 0 0 0 0 0
sp42 0 0 0 0 1 0 0 0 0 1
sp43 0 1 0 0 0 0 1 0 0 0
sp44 0 0 0 0 1 1 0 1 0 0
sp45 0 0 1 1 0 0 0 0 0 0
sp46 0 1 0 1 0 0 0 1 1 0
sp47 0 0 1 0 0 0 0 0 0 1
sp48 0 1 0 0 0 1 0 0 0 0
sp49 0 0 0 0 0 1 1 0 1 1
sp50 0 0 1 1 0 1 0 0 0 0
sp51 0 0 1 0 0 1 0 1 1 0
sp52 0 0 1 1 0 0 0 0 0 1
sp53 1 0 1 1 1 0 0 0 0 0
sp54 0 1 0 0 0 0 0 1 0 0
sp55 0 0 0 0 1 0 0 0 1 0
sp56 1 0 1 0 0 0 0 0 0 0
sp57 0 0 1 0 0 1 0 0 1 0
sp58 1 0 0 1 0 0 0 1 1 0
sp59 1 0 0 0 0 0 1 0 1 0
sp60 0 0 0 0 0 1 0 0 1 0
sp61 0 1 1 1 0 0 0 0 1 0
sp62 0 1 0 1 0 0 0 0 0 0
sp63 0 1 1 0 0 1 0 0 1 0
sp64 0 1 0 0 0 0 1 0 0 1
sp65 0 0 0 0 1 1 1 0 0 0
sp66 1 0 0 1 0 0 0 1 0 0
sp67 1 1 0 1 0 0 0 0 0 0
sp68 1 1 0 0 0 0 0 0 0 0
sp69 1 1 0 0 0 0 0 0 0 1
sp70 1 1 1 0 0 1 0 0 0 0
sp71 0 1 0 0 1 0 1 0 0 0
sp72 0 0 0 1 1 0 0 1 0 1
sp73 0 0 0 0 1 1 0 0 0 0
sp74 0 0 0 1 0 0 1 0 0 0
sp75 0 0 0 0 1 0 0 0 0 1
sp76 0 0 0 1 0 1 1 0 0 1
sp77 0 0 1 1 0 1 0 1 0 0
sp78 0 0 1 0 1 0 1 1 0 0
sp79 0 0 1 0 0 1 0 0 1 0
sp80 0 1 0 0 0 1 0 0 0 0
sp81 0 0 0 0 0 0 1 0 1 0
sp82 1 0 0 0 0 0 0 1 0 1
sp83 0 1 0 0 1 0 1 0 0 0
sp84 0 1 0 0 0 1 1 0 0 0
sp85 1 0 0 0 1 1 0 0 1 0
sp86 0 0 1 0 0 0 1 1 0 0
sp87 0 1 0 0 1 0 1 1 0 0
sp88 1 0 0 0 1 0 0 1 0 1
sp89 0 0 0 0 0 1 0 0 1 0
sp90 0 0 0 0 1 0 0 1 1 0
sp91 0 1 0 0 1 1 1 0 0 0
sp92 0 1 1 0 1 0 0 0 0 0
sp93 1 0 1 0 1 0 1 0 0 0
sp94 0 0 0 1 0 0 1 1 0 0
sp95 0 1 0 0 0 0 0 0 1 0
sp96 1 0 0 0 0 0 0 0 0 1
sp97 0 1 0 0 1 0 0 1 0 1
sp98 0 0 0 1 1 0 0 1 0 0
sp99 0 0 1 0 0 1 0 1 0 0
sp100 0 0 1 1 0 0 1 0 0 0
