100 10
sp1 1 0 0 1 1 0 0 0 1 1
sp2 1 1 1 0 0 1 0 0 1 0
sp3 1 0 0 1 1 0 0 1 1 0
sp4 0 1 1 0 0 1 1 0 1 0
sp5 1 0 0 0 1 1 0 1 1 0
sp6 1 0 0 0 1 1 0 1 0 1
sp7 1 1 0 1 0 1 1 0 0 0
sp8 1 0 1 1 1 0 0 0 1 0
sp9 1 1 1 1 0 0 1 0 0 0
sp10 0 1 1 1 0 0 1 0 0 1
sp11 1 0 0 1 1 0 1 0 0 1
sp12 1 1 1 0 1 0 0 0 0 1
sp13 0 1 0 0 1 1 1 0 0 1
sp14 1 1 0 1 0 0 0 0 1 1
sp15 1 1 0 0 1 1 0 0 0 1
sp16 0 1 1 0 0 1 1 0 0 1
sp17 1 1 0 1 1 0 0 1 0 0
sp18 1 1 1 1 0 1 0 0 0 0
sp19 0 1 1 0 1 0 0 1 0 1
sp20 1 1 0 0 1 1 1 0 0 0
sp21 0 1 0 0 1 1 0 1 1 0
sp22 1 0 1 1 0 1 1 0 0 0
sp23 1 1 0 0 0 1 0 0 1 1
sp24 0 1 0 0 1 1 1 1 0 0
sp25 1 0 1 1 0 0 1 0 1 0
sp26 1 1 0 1 1 0 0 0 1 0
sp27 0 0 1 0 0 1 0 1 1 1
sp28 0 1 0 1 1 0 1 0 0 1
sp29 1 0 0 1 1 0 0 1 1 0
sp30 0 1 1 0 0 1 1 0 0 1
sp31 0 0 1 0 1 1 0 0 1 1
sp32 1 1 0 1 0 1 1 0 0 0
sp33 1 1 0 1 0 1 0 1 0 0
sp34 1 1 1 1 0 0 0 1 0 0
sp35 0 1 1 1 0 1 0 0 1 0
sp36 1 1 0 0 1 1 0 1 0 0
sp37 1 0 1 0 1 0 1 0 0 1
sp38 1 1 1 0 0 1 0 0 0 1
sp39 1 0 1 1 0 0 1 1 0 0
sp40 0 0 0 1 1 0 1 1 1 0
sp41 1 1 0 0 1 0 0 0 1 1
sp42 1 1 1 0 1 1 0 0 0 0
sp43 1 1 0 1 1 0 0 1 0 0
sp44 1 1 0 0 1 1 0 1 0 0
sp45 1 1 0 0 1 0 1 1 0 0
sp46 0 1 0 1 0 1 0 1 0 1
sp47 1 1 0 1 0 0 1 0 0 1
sp48 1 1 0 0 1 0 1 0 0 1
sp49 1 1 0 1 1 0 0 0 1 0
sp50 1 1 1 0 1 0 1 0 0 0
sp51 1 1 1 0 0 0 0 0 1 1
sp52 0 1 0 1 1 1 1 0 0 0
sp53 1 0 1 1 0 0 1 1 0 0
sp54 0 1 0 1 0 1 0 1 1 0
sp55 1 1 0 0 1 1 0 0 0 1
sp56 0 1 1 1 0 1 0 1 0 0
sp57 1 0 1 0 1 1 1 0 0 0
sp58 1 1 1 0 1 0 0 0 0 1
sp59 1 1 1 1 0 0 1 0 0 0
sp60 1 1 0 1 1 0 0 0 0 1
sp61 1 1 0 0 0 1 1 0 1 0
sp62 1 0 0 1 0 0 1 1 0 1
sp63 0 1 0 1 1 1 0 0 0 1
sp64 1 1 0 1 1 0 0 0 1 0
sp65 1 1 1 0 1 0 0 1 0 0
sp66 1 1 0 1 0 0 1 1 0 0
sp67 1 1 0 1 0 0 0 1 1 0
sp68 0 0 1 1 0 1 0 0 1 1
sp69 1 1 0 1 0 0 1 0 0 1
sp70 1 1 1 0 0 0 1 0 1 0
sp71 0 1 1 1 0 1 0 1 0 0
sp72 1 1 1 1 0 0 1 0 0 0
sp73 0 1 0 0 1 1 0 0 1 1
sp74 0 1 1 1 0 1 1 0 0 0
sp75 0 1 1 0 1 1 0 1 0 0
sp76 1 1 0 1 1 0 0 0 1 0
sp77 1 1 0 0 1 1 1 0 0 0
sp78 1 1 1 0 1 1 0 0 0 0
sp79 1 1 0 0 0 1 1 0 1 0
sp80 1 1 0 0 1 1 0 0 0 1
sp81 1 1 1 1 0 1 0 0 0 0
sp82 1 0 0 1 1 1 0 0 0 1
sp83 1 1 0 0 1 1 0 0 1 0
sp84 1 1 1 0 1 0 0 1 0 0
sp85 1 0 1 0 1 1 0 0 1 0
sp86 1 0 1 1 1 0 0 0 0 1
sp87 0 1 0 0 1 1 0 1 0 1
sp88 1 0 0 1 1 1 0 0 0 1
sp89 1 0 1 1 0 0 1 0 0 1
sp90 1 1 0 1 1 1 0 0 0 0
sp91 1 1 0 0 1 1 0 0 1 0
sp92 1 1 0 0 1 1 0 0 0 1
sp93 1 0 0 1 1 0 1 1 0 0
sp94 1 1 0 0 1 1 0 1 0 0
sp95 1 0 0 1 0 1 0 1 0 1
sp96 0 0 1 0 1 1 1 1 0 0
sp97 1 1 0 1 0 1 1 0 0 0
sp98 1 0 0 0 1 1 0 1 0 1
sp99 1 1 1 0 0 1 0 0 0 1
sp100 0 1 0 1 0 0 1 1 1 0
