100 10
sp1 1 1 1 1 1 1 1 1 1 1
sp2 1 1 1 1 1 1 1 1 1 1
sp3 0 1 1 1 1 1 1 1 1 1
sp4 1 1 1 1 1 1 1 1 1 1
sp5 1 1 1 1 1 1 1 1 1 1
sp6 1 0 1 1 0 1 1 1 1 1
sp7 1 1 1 0 1 0 1 1 1 1
sp8 0 1 1 1 1 0 1 1 1 1
sp9 1 1 1 1 1 1 0 1 1 1
sp10 1 1 1 1 1 0 1 1 1 1
sp11 0 1 1 1 1 1 1 1 1 1
sp12 1 1 0 1 1 1 0 0 1 0
sp13 1 1 1 1 0 0 1 0 1 1
sp14 0 1 1 0 1 1 1 1 1 0
sp15 1 1 1 0 0 1 1 1 1 1
sp16 1 0 1 1 1 0 1 1 1 1
sp17 1 1 1 0 1 1 1 1 1 1
sp18 1 1 1 1 1 0 1 1 1 1
sp19 1 1 1 0 1 1 1 1 1 1
sp20 1 1 1 1 1 1 1 1 0 1
sp21 1 1 1 1 1 1 1 1 1 0
sp22 1 1 1 1 1 1 1 1 1 1
sp23 1 1 1 1 1 1 1 1 1 1
sp24 0 0 1 1 1 0 1 1 1 0
sp25 1 1 1 1 1 1 1 1 1 0
sp26 1 0 1 1 0 1 0 1 0 1
sp27 1 1 1 1 0 1 1 1 1 1
sp28 1 1 0 1 1 1 0 1 1 1
sp29 1 1 1 1 1 1 1 1 1 0
sp30 1 1 1 1 1 1 1 0 1 1
sp31 1 1 1 1 1 1 1 1 1 1
sp32 1 1 1 1 0 1 1 1 1 1
sp33 0 1 1 1 1 1 1 1 1 0
sp34 1 1 1 1 1 1 1 1 0 1
sp35 1 0 1 1 1 0 0 0 1 0
sp36 1 1 0 1 1 1 1 1 0 1
sp37 1 1 1 0 1 1 1 1 1 1
sp38 0 1 1 1 1 0 1 1 1 0
sp39 0 1 0 1 0 1 1 1 1 1
sp40 1 1 1 1 1 1 1 0 1 1
sp41 0 0 0 1 0 1 0 0 0 0
sp42 0 1 0 0 0 0 0 0 0 1
sp43 0 1 0 0 0 0 0 0 0 1
sp44 1 0 0 0 1 1 1 0 0 0
sp45 1 0 0 0 0 1 0 0 1 0
sp46 0 0 0 0 0 0 1 0 0 1
sp47 1 0 0 0 0 0 0 1 0 0
sp48 0 0 0 0 0 0 0 0 1 1
sp49 1 0 0 0 1 1 1 0 1 0
sp50 1 0 0 0 1 1 0 0 0 0
sp51 0 0 1 1 0 0 0 0 0 0
sp52 0 0 1 1 0 1 0 0 0 0
sp53 0 0 1 0 0 0 0 0 0 1
sp54 0 0 0 0 1 0 1 0 0 0
sp55 0 0 0 1 1 0 1 0 0 0
sp56 1 1 0 0 0 1 1 0 0 0
sp57 1 1 0 0 0 0 0 1 1 0
sp58 1 0 0 0 0 0 0 1 0 0
sp59 0 0 0 0 1 0 1 0 0 0
sp60 0 0 0 0 1 1 0 1 0 0
sp61 0 0 0 0 0 0 0 0 1 1
sp62 0 1 0 0 0 0 0 1 0 0
sp63 1 0 0 0 0 0 0 1 0 0
sp64 0 1 0 0 0 1 0 0 0 0
sp65 0 0 0 0 0 0 1 1 0 0
sp66 0 0 0 0 0 0 0 0 1 1
sp67 0 1 0 0 0 0 0 1 0 0
sp68 1 0 1 0 0 1 0 0 0 1
sp69 0 1 0 0 1 1 0 0 0 0
sp70 0 0 0 0 0 1 0 0 0 1
sp71 0 0 1 1 1 0 0 0 0 0
sp72 0 0 1 0 0 0 0 0 1 0
sp73 1 1 0 0 1 0 0 0 0 0
sp74 0 0 0 0 0 1 0 1 0 0
sp75 0 0 0 1 1 0 1 0 0 0
sp76 0 0 0 0 0 0 0 0 1 1
sp77 0 0 1 0 0 1 0 0 0 0
sp78 0 0 0 0 1 0 1 0 0 0
sp79 1 0 1 1 0 1 0 0 0 0
sp80 0 0 0 0 0 0 1 0 0 1
sp81 0 1 0 0 0 0 1 1 0 0
sp82 0 1 0 1 1 1 1 0 0 0
sp83 1 0 0 1 0 1 0 0 1 0
sp84 1 0 0 0 0 0 0 1 0 0
sp85 0 0 1 0 1 0 0 0 0 0
sp86 0 0 0 0 1 1 0 0 1 1
sp87 0 0 0 1 0 0 0 1 0 1
sp88 0 1 0 1 0 0 1 0 0 0
sp89 1 0 0 1 0 0 0 0 0 1
sp90 0 0 0 0 0 0 0 0 1 1
sp91 0 0 1 0 0 0 0 0 0 1
sp92 1 0 0 1 0 0 0 0 0 0
sp93 0 0 0 0 0 0 1 0 1 0
sp94 0 0 1 1 1 0 0 1 0 0
sp95 1 1 0 0 1 0 0 1 0 1
sp96 0 0 1 0 0 1 0 0 1 0
sp97 0 1 0 1 0 0 0 0 0 0
sp98 0 0 1 0 0 0 0 1 0 1
sp99 0 0 0 0 0 0 0 0 1 1
sp100 1 1 1 1 0 0 0 0 0 0
