100 10
sp1 1 1 1 1 0 0 0 0 0 1
sp2 1 0 1 0 0 1 0 1 1 0
sp3 1 1 1 0 0 1 0 1 0 0
sp4 1 1 1 0 0 0 0 0 1 1
sp5 1 0 1 0 0 1 1 1 0 0
sp6 1 1 1 0 0 0 0 1 1 0
sp7 1 1 1 1 0 0 0 0 0 1
sp8 1 1 1 0 0 0 0 1 1 0
sp9 1 1 1 1 0 0 1 0 0 0
sp10 1 1 1 1 0 0 1 0 0 0
sp11 1 1 1 0 0 0 0 1 0 1
sp12 1 1 1 0 1 0 0 0 0 1
sp13 1 1 1 1 0 0 1 0 0 0
sp14 1 1 1 1 0 0 0 0 1 0
sp15 1 1 1 0 0 1 1 0 0 0
sp16 1 1 1 0 1 0 0 1 0 0
sp17 0 1 1 1 0 0 1 1 0 0
sp18 1 1 1 0 0 0 1 1 0 0
sp19 1 1 1 1 0 0 0 0 0 1
sp20 1 1 0 1 0 1 0 1 0 0
sp21 0 1 0 1 0 0 1 1 1 0
sp22 1 1 1 0 0 1 0 1 0 0
sp23 1 1 1 1 0 1 0 0 0 0
sp24 1 1 1 0 0 1 0 0 0 1
sp25 1 1 0 1 0 1 0 1 0 0
sp26 1 1 1 0 0 0 1 0 1 0
sp27 1 1 1 1 0 1 0 0 0 0
sp28 1 1 1 0 0 0 0 1 1 0
sp29 1 1 1 0 1 0 1 0 0 0
sp30 1 1 1 0 0 0 1 0 0 1
sp31 1 1 0 1 0 0 0 1 0 1
sp32 1 1 1 0 0 1 0 0 0 1
sp33 1 1 0 0 0 0 1 0 1 1
sp34 1 0 1 0 0 0 0 1 1 1
sp35 0 1 1 0 1 0 0 1 0 1
sp36 1 1 1 0 0 0 0 1 0 1
sp37 1 1 0 1 0 0 1 1 0 0
sp38 1 0 1 0 0 0 1 1 0 1
sp39 1 1 1 0 1 0 0 0 0 1
sp40 1 1 1 0 0 0 1 1 0 0
sp41 1 0 0 0 0 1 1 0 1 1
sp42 1 1 1 0 0 1 0 1 0 0
sp43 1 1 1 1 0 1 0 0 0 0
sp44 1 1 1 0 1 1 0 0 0 0
sp45 1 1 1 0 1 1 0 0 0 0
sp46 1 1 0 1 0 1 0 0 1 0
sp47 1 1 1 0 0 0 0 0 1 1
sp48 1 1 1 0 0 0 0 0 1 1
sp49 1 0 1 1 0 0 0 0 1 1
sp50 1 0 1 1 0 0 1 0 1 0
sp51 1 1 0 0 1 1 0 1 0 0
sp52 1 1 1 1 0 0 0 1 0 0
sp53 1 1 1 1 1 0 0 0 0 0
sp54 1 1 1 0 1 0 0 0 1 0
sp55 0 1 1 0 1 0 0 0 1 1
sp56 1 1 1 0 1 0 0 1 0 0
sp57 1 1 1 0 0 0 1 0 0 1
sp58 1 1 1 0 0 0 1 0 1 0
sp59 1 1 1 1 0 0 0 0 0 1
sp60 1 1 1 0 1 0 0 0 1 0
sp61 1 1 1 1 0 1 0 0 0 0
sp62 1 1 1 0 0 1 0 0 1 0
sp63 1 1 1 0 1 0 0 0 0 1
sp64 1 1 1 0 0 0 1 0 1 0
sp65 1 1 1 0 1 1 0 0 0 0
sp66 1 1 0 0 0 1 0 1 0 1
sp67 1 1 1 1 1 0 0 0 0 0
sp68 1 1 1 1 1 0 0 0 0 0
sp69 1 0 0 1 0 1 0 1 0 1
sp70 1 1 1 0 0 1 1 0 0 0
sp71 1 1 0 1 0 1 1 0 0 0
sp72 1 1 1 0 0 1 0 0 1 0
sp73 1 1 1 1 0 0 0 0 0 1
sp74 1 1 1 0 0 0 0 1 0 1
sp75 1 1 1 1 0 0 0 0 1 0
sp76 1 1 1 0 1 0 1 0 0 0
sp77 1 1 0 0 1 1 0 0 1 0
sp78 1 1 1 1 0 0 0 1 0 0
sp79 1 1 1 0 0 0 0 1 1 0
sp80 1 1 1 0 1 1 0 0 0 0
sp81 1 1 1 1 0 0 0 1 0 0
sp82 1 0 1 1 1 0 0 0 0 1
sp83 1 1 1 0 0 1 0 0 0 1
sp84 1 0 1 0 0 1 0 1 0 1
sp85 0 1 1 1 1 0 0 1 0 0
sp86 1 1 1 0 1 0 0 0 0 1
sp87 1 1 1 0 0 0 1 1 0 0
sp88 1 1 1 0 1 0 0 1 0 0
sp89 0 1 1 0 0 1 1 0 0 1
sp90 1 1 1 0 0 0 0 1 0 1
sp91 1 1 1 1 0 1 0 0 0 0
sp92 1 1 1 1 0 1 0 0 0 0
sp93 1 1 1 1 0 0 0 0 0 1
sp94 1 1 1 1 0 0 0 1 0 0
sp95 1 1 1 1 1 0 0 0 0 0
sp96 1 1 1 1 1 0 0 0 0 0
sp97 1 1 1 0 0 0 0 1 0 1
sp98 1 1 1 1 0 0 0 0 1 0
sp99 1 1 1 0 0 1 0 1 0 0
sp100 1 0 1 1 0 1 0 0 0 1
