100 30
sp1 1 1 0 1 0 0 0 1 1 0 0 0 0 1 0 0 0 0 0 0 0 0 1 0 0 0 0 1 0 1
sp2 1 1 1 0 1 0 1 0 1 1 1 0 0 0 1 0 0 0 0 0 0 0 0 0 0 0 0 0 0 0
sp3 1 0 1 1 1 1 1 1 1 0 0 1 0 0 0 0 0 0 0 0 0 0 0 0 0 0 0 0 0 0
sp4 0 1 1 0 0 0 1 0 1 1 0 1 1 0 1 0 0 0 0 0 0 1 0 0 0 0 0 0 0 0
sp5 1 0 1 0 0 1 0 0 1 0 0 0 1 1 1 0 1 0 0 0 0 0 0 1 0 0 0 0 0 0
sp6 1 1 0 0 1 0 0 1 1 0 0 1 0 0 0 0 0 0 1 0 1 0 0 0 0 0 0 0 1 0
sp7 1 1 1 0 0 1 1 1 0 1 0 0 1 1 0 0 0 0 0 0 0 0 0 0 0 0 0 0 0 0
sp8 1 1 1 0 1 0 1 0 0 0 1 1 0 0 0 0 0 1 0 0 0 0 0 0 0 1 0 0 0 0
sp9 1 1 1 0 0 1 0 0 0 1 1 1 0 1 0 0 1 0 0 0 0 0 0 0 0 0 0 0 0 0
sp10 1 1 1 0 1 0 0 0 1 0 1 0 1 0 0 0 0 0 0 0 1 0 0 0 0 0 0 0 1 0
sp11 1 1 1 1 0 0 0 0 1 0 1 0 1 0 1 0 0 0 0 0 0 0 0 0 1 0 0 0 0 0
sp12 1 1 1 0 0 0 1 0 1 1 0 0 0 1 0 0 0 0 1 0 0 0 0 0 0 0 0 0 1 0
sp13 1 1 1 0 0 0 0 0 1 1 0 0 0 0 1 0 0 0 0 1 1 0 0 0 0 0 0 0 1 0
sp14 1 1 1 0 1 0 0 1 1 0 1 0 1 1 0 0 0 0 0 0 0 0 0 0 0 0 0 0 0 0
sp15 1 1 1 1 1 0 0 0 0 1 1 0 0 1 0 0 0 0 0 0 1 0 0 0 0 0 0 0 0 0
sp16 1 1 1 0 0 0 0 1 0 1 0 1 1 1 0 0 0 0 0 1 0 0 0 0 0 0 0 0 0 0
sp17 1 1 1 0 1 1 0 0 0 1 0 1 0 1 0 0 0 0 0 0 0 0 0 0 0 0 0 0 1 0
sp18 0 1 0 0 0 1 1 0 0 0 1 0 1 0 1 0 1 0 0 1 0 0 0 1 0 0 0 0 0 0
sp19 1 1 1 1 1 0 0 1 0 0 1 0 0 1 0 0 0 0 0 0 0 0 0 0 1 0 0 0 0 0
sp20 1 1 1 0 0 0 0 0 0 0 1 1 0 1 1 0 0 0 0 1 0 0 0 0 0 0 0 0 1 0
sp21 1 1 1 0 1 1 1 0 1 0 0 1 1 0 0 0 0 0 0 0 0 0 0 0 0 0 0 0 0 0
sp22 1 1 0 1 1 0 0 0 0 0 1 0 1 0 0 0 0 0 0 1 1 0 0 0 0 0 1 0 0 0
sp23 0 1 0 0 1 1 1 0 0 0 0 1 0 0 0 0 1 0 1 0 0 1 0 0 0 1 0 0 0 0
sp24 1 1 1 1 0 0 0 1 1 0 1 1 0 0 0 0 0 0 0 0 1 0 0 0 0 0 0 0 0 0
sp25 1 1 1 1 0 1 0 1 1 0 0 0 0 1 0 0 0 0 0 0 0 0 0 0 0 0 1 0 0 0
sp26 1 1 1 0 0 1 1 0 1 0 1 0 0 1 1 0 0 0 0 0 0 0 0 0 0 0 0 0 0 0
sp27 1 1 1 1 0 0 0 0 0 0 1 1 1 0 0 0 0 0 0 1 0 0 0 0 0 0 0 0 0 1
sp28 1 1 1 1 1 0 0 0 1 0 0 0 0 0 0 0 1 0 1 0 0 0 1 0 0 0 0 0 0 0
sp29 1 0 1 0 0 0 0 1 0 1 0 0 1 1 1 0 0 1 0 0 0 0 0 0 0 0 0 1 0 0
sp30 0 1 1 1 1 0 0 0 0 1 0 0 0 1 1 0 1 0 1 0 0 0 0 0 0 0 0 0 0 0
sp31 1 1 1 0 0 0 1 0 0 0 0 1 1 1 1 1 0 0 0 0 0 0 0 0 0 0 0 0 0 0
sp32 1 1 1 1 0 0 0 0 1 1 0 0 0 0 1 0 1 0 0 0 0 0 0 0 0 0 1 0 0 0
sp33 1 0 1 0 0 1 0 1 1 1 0 0 1 0 0 0 0 0 0 0 0 0 0 0 0 0 1 1 0 0
sp34 1 1 1 0 0 1 1 0 1 0 1 1 1 0 0 0 0 0 0 0 0 0 0 0 0 0 0 0 0 0
sp35 1 1 1 1 1 0 1 0 1 0 0 1 1 0 0 0 0 0 0 0 0 0 0 0 0 0 0 0 0 0
sp36 1 1 1 1 1 0 0 1 0 0 0 0 0 1 0 0 0 0 0 0 1 0 0 0 0 0 0 0 1 0
sp37 1 1 1 0 1 0 0 1 1 1 1 0 0 0 0 0 0 0 0 0 0 1 0 0 0 0 0 0 0 0
sp38 1 1 0 0 0 1 1 0 1 0 1 0 1 1 0 0 0 0 0 1 0 0 0 0 0 0 0 0 0 0
sp39 0 1 1 0 1 1 1 1 1 0 0 0 1 1 0 0 0 0 0 0 0 0 0 0 0 0 0 0 0 0
sp40 1 1 0 0 0 1 0 1 1 1 1 1 0 0 0 0 0 0 0 0 0 0 0 0 0 0 0 0 1 0
sp41 0 1 1 1 0 1 0 0 0 0 0 0 1 0 1 1 1 0 0 0 1 0 0 0 0 0 0 0 0 0
sp42 1 1 1 0 0 0 0 0 0 1 1 0 1 0 1 0 0 0 1 0 0 0 0 0 0 0 0 1 0 0
sp43 1 1 1 0 1 1 0 0 1 0 0 0 1 0 0 0 0 0 0 0 1 0 0 0 0 0 1 0 0 0
sp44 1 1 1 0 1 0 0 1 1 1 0 0 1 0 1 0 0 0 0 0 0 0 0 0 0 0 0 0 0 0
sp45 1 1 1 1 1 0 0 0 0 0 0 1 1 0 0 0 0 0 0 0 1 1 0 0 0 0 0 0 0 0
sp46 1 1 0 0 0 0 1 0 1 0 0 0 0 1 0 0 0 0 1 0 1 0 1 1 0 0 0 0 0 0
sp47 1 1 1 1 0 1 0 1 1 0 1 0 1 0 0 0 0 0 0 0 0 0 0 0 0 0 0 0 0 0
sp48 0 1 0 1 0 1 1 0 1 1 0 1 0 0 1 0 0 0 0 0 1 0 0 0 0 0 0 0 0 0
sp49 1 1 1 0 0 0 0 0 0 1 1 1 0 1 0 0 0 0 0 1 0 0 0 1 0 0 0 0 0 0
sp50 1 0 1 0 0 0 0 1 1 1 1 0 0 1 1 0 0 1 0 0 0 0 0 0 0 0 0 0 0 0
sp51 0 1 1 0 1 0 1 1 1 0 0 0 0 0 1 0 0 1 0 0 0 0 0 1 0 0 0 0 0 0
sp52 0 1 1 1 1 0 1 0 0 0 1 0 0 0 1 0 0 0 0 1 0 0 0 0 0 0 1 0 0 0
sp53 0 1 0 1 1 0 0 0 1 0 1 0 0 1 1 0 0 0 0 1 0 0 0 0 0 0 0 0 0 1
sp54 1 0 1 1 0 0 0 1 1 0 1 0 0 1 0 0 0 0 0 0 0 1 0 0 0 0 1 0 0 0
sp55 1 1 1 1 1 0 0 0 0 0 0 1 0 0 1 0 0 0 0 0 0 1 0 0 0 1 0 0 0 0
sp56 1 1 0 0 1 0 0 1 1 0 0 1 0 1 1 0 0 0 0 0 0 0 0 0 1 0 0 0 0 0
sp57 1 0 1 0 0 1 1 1 1 1 0 0 1 0 0 0 0 0 0 0 0 0 0 0 0 1 0 0 0 0
sp58 1 1 1 0 1 0 0 1 1 1 1 1 0 0 0 0 0 0 0 0 0 0 0 0 0 0 0 0 0 0
sp59 1 0 1 1 0 0 0 0 1 0 1 0 1 0 0 0 0 0 0 0 0 1 0 1 1 0 0 0 0 0
sp60 1 1 1 0 0 0 1 0 0 0 0 0 1 0 0 0 1 0 0 0 1 1 0 0 1 0 0 0 0 0
sp61 1 1 1 1 1 0 1 1 1 0 0 0 0 0 1 0 0 0 0 0 0 0 0 0 0 0 0 0 0 0
sp62 1 1 1 0 1 1 0 1 0 0 0 0 1 1 1 0 0 0 0 0 0 0 0 0 0 0 0 0 0 0
sp63 1 1 1 0 0 1 0 1 1 0 0 1 1 0 0 0 0 0 0 0 0 0 0 0 0 1 0 0 0 0
sp64 1 1 1 0 1 0 0 0 1 1 0 0 0 0 0 1 0 0 0 0 0 0 0 1 0 0 0 0 0 1
sp65 1 1 0 0 0 0 1 1 1 0 1 0 0 1 1 0 0 0 0 0 1 0 0 0 0 0 0 0 0 0
sp66 0 1 1 0 0 0 1 0 0 1 1 0 1 0 1 0 0 1 0 0 1 0 0 0 0 0 0 0 0 0
sp67 1 1 1 1 1 0 1 0 0 1 1 0 0 0 0 1 0 0 0 0 0 0 0 0 0 0 0 0 0 0
sp68 1 1 1 0 0 1 0 0 0 1 0 1 1 0 1 0 0 0 0 0 0 1 0 0 0 0 0 0 0 0
sp69 1 1 1 0 1 0 1 0 1 0 1 0 1 0 0 0 1 0 0 0 0 0 0 0 0 0 0 0 0 0
sp70 1 1 1 1 1 1 0 1 0 1 0 0 0 1 0 0 0 0 0 0 0 0 0 0 0 0 0 0 0 0
sp71 1 1 1 1 1 0 0 1 1 0 0 0 0 1 1 0 0 0 0 0 0 0 0 0 0 0 0 0 0 0
sp72 1 1 1 0 1 0 0 1 0 1 0 0 1 0 1 0 0 0 0 0 0 0 0 0 0 0 1 0 0 0
sp73 1 1 1 0 1 1 1 0 1 0 1 0 0 0 0 0 0 0 1 0 0 0 0 0 0 0 0 0 0 0
sp74 0 1 1 1 0 1 1 1 0 1 0 0 0 0 1 0 0 0 0 0 0 0 0 1 0 0 0 0 0 0
sp75 1 0 1 1 1 0 0 0 1 1 1 1 0 1 0 0 0 0 0 0 0 0 0 0 0 0 0 0 0 0
sp76 1 0 1 1 0 1 1 0 1 0 0 1 1 0 1 0 0 0 0 0 0 0 0 0 0 0 0 0 0 0
sp77 1 1 1 0 1 1 1 1 0 0 0 0 0 0 0 0 0 1 0 0 1 0 0 0 0 0 0 0 0 0
sp78 0 1 1 0 1 0 0 1 0 1 0 1 0 0 1 0 0 0 1 0 0 0 0 0 0 0 1 0 0 0
sp79 0 1 1 1 1 0 1 1 0 0 0 1 0 1 0 0 1 0 0 0 0 0 0 0 0 0 0 0 0 0
sp80 1 1 1 1 1 0 0 0 1 1 0 0 0 0 0 0 0 0 0 1 1 0 0 0 0 0 0 0 0 0
sp81 1 0 0 0 1 0 1 0 0 1 1 0 0 1 1 0 0 0 0 0 1 0 0 0 0 1 0 0 0 0
sp82 1 1 0 0 0 0 0 1 0 0 1 1 0 1 1 0 0 0 1 0 1 0 0 0 0 0 0 0 0 0
sp83 1 1 1 1 0 0 0 0 0 0 1 1 1 1 1 0 0 0 0 0 0 0 0 0 0 0 0 0 0 0
sp84 1 1 1 0 0 1 1 0 1 0 1 1 0 0 0 0 0 0 0 0 0 0 0 0 0 0 0 1 0 0
sp85 1 1 1 1 1 0 0 0 1 0 1 0 1 0 1 0 0 0 0 0 0 0 0 0 0 0 0 0 0 0
sp86 0 1 1 1 1 0 0 1 0 1 0 0 0 1 0 0 0 0 0 0 0 0 0 0 0 0 0 0 1 1
sp87 1 1 1 1 0 1 1 0 0 0 1 1 0 0 0 0 0 0 0 1 0 0 0 0 0 0 0 0 0 0
sp88 1 1 1 0 0 1 1 1 0 0 1 0 0 1 0 0 0 0 0 0 1 0 0 0 0 0 0 0 0 0
sp89 1 1 1 0 0 0 0 1 0 1 0 0 1 1 1 0 0 0 1 0 0 0 0 0 0 0 0 0 0 0
sp90 0 0 1 1 0 1 1 1 0 0 1 0 0 0 1 0 0 0 1 0 0 0 0 0 1 0 0 0 0 0
sp91 1 0 1 0 0 0 1 0 0 1 1 0 1 1 0 0 1 0 0 0 0 0 1 0 0 0 0 0 0 0
sp92 0 0 1 1 0 0 1 0 0 0 1 0 1 1 0 0 0 0 1 1 0 0 0 1 0 0 0 0 0 0
sp93 1 1 1 1 1 0 0 0 1 0 1 0 0 0 0 0 0 0 1 0 0 0 0 0 0 0 0 0 0 1
sp94 0 1 1 0 0 0 1 0 0 1 1 1 1 0 1 0 0 0 0 0 0 0 0 1 0 0 0 0 0 0
sp95 1 1 1 0 1 1 0 0 0 1 0 1 1 0 0 0 0 1 0 0 0 0 0 0 0 0 0 0 0 0
sp96 1 1 1 0 0 0 0 0 1 1 0 1 1 0 0 0 1 0 0 0 0 0 0 0 1 0 0 0 0 0
sp97 1 1 1 0 0 1 1 0 0 1 0 0 1 1 1 0 0 0 0 0 0 0 0 0 0 0 0 0 0 0
sp98 1 1 1 0 0 1 1 1 0 0 0 0 0 1 0 0 0 0 0 1 0 0 0 0 0 0 0 1 0 0
sp99 1 1 1 0 1 0 1 1 1 0 0 1 0 0 0 0 0 0 1 0 0 0 0 0 0 0 0 0 0 0
sp100 0 1 1 0 0 0 1 0 0 1 1 0 1 1 0 0 0 0 0 0 0 0 0 1 0 1 0 0 0 0
