100 10
sp1 1 1 1 0 0 0 1 0 1 0
sp2 1 1 1 0 1 0 0 0 1 0
sp3 1 0 0 0 1 0 1 1 0 1
sp4 1 1 0 0 0 0 1 0 1 1
sp5 1 1 1 0 1 1 0 0 0 0
sp6 1 0 0 0 1 0 0 1 1 1
sp7 0 1 0 1 0 0 1 0 1 1
sp8 0 1 1 1 1 0 0 0 1 0
sp9 1 1 1 0 0 0 0 1 1 0
sp10 0 1 1 1 0 0 0 0 1 1
sp11 0 1 1 0 0 0 1 1 1 0
sp12 0 1 1 1 0 1 0 0 1 0
sp13 0 0 1 1 1 0 1 1 0 0
sp14 1 1 0 1 0 0 1 0 1 0
sp15 0 1 0 1 1 0 1 1 0 0
sp16 0 0 1 0 1 0 0 1 1 1
sp17 1 1 1 0 0 0 0 1 0 1
sp18 1 0 1 1 0 1 0 1 0 0
sp19 0 1 1 0 1 0 0 0 1 1
sp20 0 0 0 1 0 1 0 1 1 1
sp21 0 1 0 1 0 1 0 1 1 0
sp22 0 1 0 1 0 1 0 0 1 1
sp23 1 1 0 1 1 0 0 0 0 1
sp24 0 1 1 0 1 1 0 1 0 0
sp25 1 0 1 1 1 0 0 1 0 0
sp26 0 1 1 0 1 1 1 0 0 0
sp27 0 1 1 0 1 0 1 1 0 0
sp28 1 0 1 1 0 0 0 0 1 1
sp29 1 0 0 1 1 0 0 1 1 0
sp30 1 0 1 0 0 1 1 0 1 0
sp31 0 1 0 1 0 1 1 0 0 1
sp32 1 0 0 0 0 1 1 1 1 0
sp33 0 1 0 0 0 1 1 1 0 1
sp34 0 1 0 1 0 0 0 1 1 1
sp35 0 1 1 0 0 0 1 1 0 1
sp36 0 0 0 1 1 1 1 0 1 0
sp37 0 0 1 0 1 1 0 1 1 0
sp38 0 0 1 1 0 1 0 0 1 1
sp39 1 1 0 0 1 0 0 1 1 0
sp40 0 1 0 1 1 0 1 1 0 0
sp41 0 1 1 0 1 1 0 0 1 0
sp42 0 1 1 0 0 0 1 1 1 0
sp43 0 1 1 1 0 0 1 1 0 0
sp44 0 0 1 0 0 1 1 0 1 1
sp45 1 0 1 1 0 1 1 0 0 0
sp46 1 1 1 0 0 1 1 0 0 0
sp47 1 1 0 0 0 0 1 1 1 0
sp48 1 1 0 1 0 1 0 0 1 0
sp49 1 1 0 1 0 0 0 1 0 1
sp50 1 1 0 0 0 0 1 1 0 1
sp51 1 1 0 1 1 0 0 0 0 1
sp52 0 1 0 1 0 0 1 0 1 1
sp53 0 1 1 1 1 1 0 0 0 0
sp54 0 0 0 0 0 1 1 1 1 1
sp55 1 1 1 0 0 1 1 0 0 0
sp56 1 0 1 0 0 1 1 1 0 0
sp57 1 1 0 1 1 0 1 0 0 0
sp58 1 0 0 0 1 1 1 1 0 0
sp59 1 1 1 0 0 0 0 1 0 1
sp60 1 0 1 0 0 1 0 1 1 0
sp61 1 0 0 0 1 0 1 1 1 0
sp62 1 1 1 0 0 0 1 0 0 1
sp63 0 1 1 1 1 1 0 0 0 0
sp64 1 1 0 0 0 0 1 1 1 0
sp65 0 1 1 1 0 0 1 0 1 0
sp66 0 1 0 1 1 0 1 0 0 1
sp67 1 0 0 0 0 1 1 1 0 1
sp68 1 1 0 1 0 0 1 0 0 1
sp69 0 0 0 0 0 1 1 1 1 1
sp70 0 1 1 0 1 1 0 0 0 1
sp71 1 0 1 0 1 0 0 0 1 1
sp72 0 0 0 1 0 1 1 1 0 1
sp73 1 1 0 0 1 0 1 0 1 0
sp74 1 1 1 0 1 0 1 0 0 0
sp75 1 0 1 1 0 1 0 0 0 1
sp76 0 1 1 0 0 0 0 1 1 1
sp77 1 0 1 0 1 0 0 1 0 1
sp78 1 0 1 0 1 1 0 0 0 1
sp79 0 0 1 1 0 1 1 0 1 0
sp80 1 0 0 1 1 1 0 0 1 0
sp81 1 0 0 0 1 1 0 1 0 1
sp82 1 0 1 0 0 1 1 1 0 0
sp83 1 1 1 1 0 0 1 0 0 0
sp84 1 1 0 1 0 0 0 0 1 1
sp85 1 0 1 0 1 0 0 0 1 1
sp86 0 0 0 0 1 1 1 1 1 0
sp87 0 0 1 0 0 1 1 1 0 1
sp88 1 1 1 0 1 0 0 1 0 0
sp89 1 0 0 1 0 1 1 1 0 0
sp90 1 0 1 0 1 0 1 0 1 0
sp91 1 1 1 0 1 0 0 0 1 0
sp92 1 0 1 0 1 0 0 1 0 1
sp93 1 0 1 0 1 0 0 0 1 1
sp94 1 1 0 0 1 1 0 1 0 0
sp95 0 1 0 1 1 0 1 0 0 1
sp96 0 1 0 1 1 1 0 1 0 0
sp97 0 0 0 1 0 1 1 1 0 1
sp98 0 1 0 0 1 1 1 0 0 1
sp99 1 0 1 0 1 1 1 0 0 0
sp100 1 1 1 0 0 0 1 1 0 0
