100 30
sp1 1 1 1 1 1 1 1 1 1 1 1 1 1 1 1 1 1 1 1 1 1 1 1 1 1 1 1 1 1 1
sp2 1 1 1 1 1 1 1 0 1 1 1 1 1 1 1 1 1 1 1 1 1 1 1 0 1 0 1 1 1 1
sp3 1 1 1 1 0 1 1 1 1 1 0 1 1 1 1 1 1 1 1 1 1 1 1 0 1 1 1 1 1 1
sp4 0 1 0 1 1 1 1 1 1 0 1 1 1 1 1 0 1 1 1 1 0 1 1 1 0 1 1 1 1 1
sp5 0 1 1 1 0 1 1 1 1 1 0 1 1 1 1 1 1 0 1 1 1 1 1 1 1 1 1 1 1 1
sp6 1 1 1 1 1 1 0 0 1 1 1 1 1 1 1 0 1 1 1 0 1 1 1 1 0 0 1 1 1 1
sp7 1 1 1 1 1 1 1 1 1 1 1 1 1 1 1 0 1 1 0 0 0 1 1 1 1 1 1 1 1 1
sp8 1 0 1 1 1 1 1 1 1 0 1 1 1 1 1 1 1 1 1 1 1 1 1 1 0 1 1 1 0 1
sp9 1 1 0 1 1 1 1 1 1 1 1 0 1 1 0 1 0 1 1 1 1 1 1 0 1 1 1 1 1 0
sp10 1 0 0 0 0 0 0 1 0 0 0 0 0 0 1 1 0 0 0 0 1 0 0 0 1 0 0 0 0 0
sp11 0 1 1 1 1 0 0 0 0 1 1 1 0 0 0 0 1 1 0 1 1 0 1 0 0 0 1 0 0 0
sp12 0 1 1 1 1 0 0 1 0 1 0 1 1 0 1 0 1 1 1 0 1 0 1 0 1 1 0 1 1 0
sp13 1 0 0 0 0 1 0 1 1 0 0 1 0 0 1 1 0 1 1 0 1 1 1 1 0 0 0 1 0 1
sp14 0 0 0 1 1 0 0 1 1 0 0 0 0 0 1 0 1 1 0 0 0 0 1 1 0 1 1 1 1 1
sp15 0 1 1 0 1 1 1 0 0 1 0 1 0 0 1 0 0 0 1 0 1 1 1 1 1 0 1 1 0 0
sp16 0 1 1 0 0 0 0 1 0 1 1 0 1 0 1 0 0 0 1 0 0 1 0 0 1 1 0 0 0 1
sp17 1 0 1 1 1 0 0 1 0 1 1 1 1 1 0 1 0 0 1 0 0 0 0 0 0 0 0 0 1 1
sp18 0 0 0 0 0 0 0 1 1 0 1 1 0 0 1 1 1 0 0 1 0 0 0 1 1 0 1 1 1 1
sp19 0 0 0 1 1 1 1 0 0 1 1 1 0 1 0 1 0 0 1 1 0 0 1 0 0 0 0 1 0 1
sp20 0 0 1 0 0 0 0 1 1 1 1 1 0 1 0 0 0 0 0 0 1 0 0 0 0 0 1 0 1 0
sp21 0 1 0 0 0 1 0 0 1 0 1 0 1 0 0 0 0 1 0 0 0 0 0 0 1 0 0 1 0 1
sp22 0 1 1 1 0 1 1 0 0 1 0 0 0 0 0 0 1 1 1 1 0 1 0 1 1 0 0 1 1 0
sp23 0 0 1 0 0 1 0 1 0 1 1 1 0 1 0 1 0 0 0 1 0 0 1 0 0 1 1 0 0 0
sp24 0 0 0 0 0 1 1 1 0 0 0 0 1 0 1 0 1 0 1 1 1 0 0 1 0 1 0 0 1 0
sp25 1 1 1 0 0 1 1 0 1 1 0 0 1 0 0 1 1 1 1 1 0 0 0 1 0 0 1 1 1 0
sp26 0 0 1 1 0 0 1 0 0 0 1 0 1 1 1 1 0 1 0 1 0 1 1 1 0 0 1 0 1 0
sp27 1 0 0 0 0 0 1 0 1 0 1 1 0 0 0 1 1 0 0 0 1 1 0 1 0 0 0 1 1 0
sp28 0 0 1 0 0 0 1 1 0 0 1 1 0 0 0 1 1 0 1 0 0 1 1 0 1 1 0 1 0 1
sp29 0 0 1 0 0 1 0 1 0 0 1 0 0 1 0 0 1 0 1 0 1 0 1 1 0 1 1 0 1 1
sp30 1 1 0 0 0 1 1 1 0 0 1 0 0 0 0 1 0 1 0 1 1 1 0 0 1 0 0 0 1 1
sp31 1 1 0 0 0 1 1 1 0 0 1 1 1 0 0 1 0 0 0 0 0 0 0 1 1 1 1 1 0 1
sp32 1 1 0 0 1 0 0 0 1 1 1 0 1 0 0 0 0 1 1 1 0 0 1 1 1 0 0 1 0 0
sp33 0 1 1 1 0 0 1 1 0 0 0 0 0 0 1 1 1 0 0 1 0 1 1 1 0 1 1 0 1 1
sp34 1 1 1 0 0 0 1 0 1 1 0 1 1 1 0 0 1 0 1 0 1 0 0 1 0 0 0 0 0 1
sp35 0 0 0 1 0 1 0 0 0 1 1 1 0 1 1 0 0 0 1 0 1 1 0 1 0 0 0 1 0 0
sp36 1 1 1 1 1 0 0 1 1 0 0 1 0 1 1 1 0 1 0 0 1 0 1 1 0 0 1 0 1 0
sp37 0 0 0 1 0 0 0 0 0 1 1 0 1 0 0 0 0 1 0 0 0 0 0 0 1 0 0 0 0 0
sp38 0 1 0 0 0 0 1 0 0 1 1 0 0 0 1 0 0 1 0 1 0 0 0 1 1 0 0 0 0 0
sp39 0 0 0 0 0 0 1 0 0 0 0 0 1 1 0 0 0 0 0 0 0 0 0 0 1 0 1 0 0 0
sp40 1 1 0 0 1 0 0 0 0 0 0 0 0 0 1 1 1 0 0 1 0 0 0 0 0 0 1 0 0 1
sp41 0 0 1 0 0 0 0 0 0 0 0 0 0 0 0 0 0 0 0 0 0 0 0 0 1 0 0 1 0 0
sp42 0 0 1 0 0 0 0 0 1 0 0 0 0 0 0 0 0 1 0 0 0 0 0 1 0 1 0 0 0 0
sp43 0 0 0 0 0 0 0 0 0 0 0 0 0 0 0 0 0 0 0 0 0 0 0 0 0 1 1 0 1 0
sp44 0 0 0 0 0 0 1 0 0 0 0 0 0 0 0 0 0 0 0 0 0 0 0 0 0 1 0 0 0 0
sp45 1 0 0 1 0 0 0 1 0 1 0 1 0 0 0 0 0 0 0 0 0 1 0 0 0 0 0 0 0 0
sp46 0 0 0 0 0 0 0 1 0 0 0 0 1 0 0 0 0 0 0 0 0 0 0 0 0 1 0 0 1 0
sp47 0 0 0 0 0 0 0 0 0 0 0 0 0 0 1 0 0 0 0 0 0 0 0 0 0 0 1 1 1 0
sp48 0 1 0 0 0 0 1 0 1 0 0 0 0 0 0 0 1 0 0 0 0 0 0 0 0 0 0 0 0 0
sp49 0 0 0 1 0 0 1 0 0 0 0 0 0 0 0 0 0 0 0 0 1 0 0 0 0 1 0 0 0 0
sp50 0 0 0 1 0 1 0 0 1 0 0 0 1 0 0 0 1 0 1 0 1 0 1 0 1 0 0 0 0 1
sp51 0 0 1 0 0 0 0 0 0 0 0 0 0 0 0 0 0 0 0 0 0 0 0 0 0 0 0 0 1 0
sp52 0 0 0 0 0 1 0 0 0 0 0 0 0 1 1 0 0 0 0 0 1 0 0 0 0 1 0 1 0 0
sp53 0 0 0 0 0 0 0 0 0 0 0 0 0 0 0 1 0 0 1 0 0 1 0 0 0 0 0 0 0 0
sp54 0 0 0 1 0 0 0 0 0 0 0 0 0 0 0 0 0 0 0 1 0 0 0 1 1 1 0 0 0 1
sp55 0 0 0 0 1 0 0 0 0 0 0 1 0 1 0 1 0 0 0 0 0 0 0 0 0 0 0 1 0 1
sp56 1 0 0 0 1 0 0 0 0 1 0 1 0 1 0 0 0 0 0 0 0 0 0 0 0 0 1 0 0 0
sp57 1 0 0 0 0 0 0 0 0 0 0 0 0 0 0 1 0 0 0 0 0 0 0 0 0 0 0 0 0 0
sp58 0 1 0 1 0 0 0 0 0 1 0 0 0 1 0 0 0 0 1 0 0 0 1 0 0 0 0 0 0 0
sp59 0 0 0 0 0 0 0 0 1 0 0 0 1 0 1 1 1 0 0 0 1 1 0 0 0 0 0 0 0 0
sp60 0 0 0 0 1 1 1 0 0 0 0 0 0 0 0 0 0 0 0 0 0 0 0 1 0 0 0 0 0 0
sp61 0 0 0 0 0 0 0 0 0 0 1 0 0 1 0 0 0 1 0 1 0 1 0 0 0 1 0 0 0 0
sp62 0 0 1 0 1 0 0 0 0 0 0 0 0 0 1 1 1 0 1 0 0 1 0 0 0 0 0 0 0 0
sp63 0 0 0 1 0 0 0 0 1 0 0 0 0 0 1 0 0 0 0 0 0 0 0 0 1 0 0 1 0 0
sp64 0 0 0 0 1 0 0 0 0 0 0 0 0 0 0 0 0 0 0 1 0 0 0 0 0 0 0 0 0 0
sp65 1 0 0 0 0 0 0 0 0 1 1 0 1 0 0 0 0 1 0 0 0 1 0 1 1 0 0 0 0 0
sp66 0 1 0 0 0 1 0 0 1 0 0 0 0 0 0 0 1 0 0 0 0 0 0 0 1 0 0 0 0 0
sp67 0 0 0 0 1 0 0 0 1 0 0 0 1 1 0 0 0 0 0 0 0 0 0 0 0 0 0 1 0 1
sp68 0 0 1 0 0 0 0 1 0 0 0 0 0 0 0 0 1 0 0 0 0 1 1 0 0 0 0 0 0 0
sp69 0 0 0 1 1 1 1 0 0 0 0 1 0 0 0 0 0 0 1 0 0 0 0 0 0 1 0 0 0 0
sp70 1 0 0 0 1 1 0 0 0 0 0 0 0 0 0 0 1 0 0 0 0 1 0 0 0 0 0 0 1 1
sp71 0 0 0 1 1 0 0 0 0 1 1 0 0 0 0 0 0 1 1 1 1 0 0 1 0 1 0 0 0 0
sp72 0 0 0 0 1 0 0 0 0 0 0 0 0 0 0 0 0 0 0 0 0 1 1 0 1 1 0 0 0 0
sp73 0 1 0 0 1 0 0 0 1 0 0 0 0 0 0 0 0 0 0 1 0 0 0 0 0 0 1 0 0 0
sp74 0 0 0 0 0 0 0 1 0 0 0 0 0 0 0 0 0 0 0 1 0 1 0 0 0 1 0 0 0 1
sp75 0 1 1 0 0 0 0 0 0 0 0 1 0 0 0 1 0 0 0 0 0 0 0 0 0 0 1 0 0 0
sp76 0 0 0 1 0 0 0 0 0 0 0 0 0 0 0 0 0 0 0 0 0 0 0 0 0 0 0 0 0 1
sp77 1 0 0 0 0 0 1 0 0 0 0 0 0 0 0 1 0 1 0 0 0 0 0 0 0 0 0 0 0 1
sp78 0 1 0 0 0 0 0 1 0 1 0 0 0 0 1 0 0 0 0 0 1 0 0 0 0 0 0 0 1 0
sp79 1 0 1 0 0 1 0 0 0 1 0 0 1 0 0 0 0 0 1 0 0 0 0 0 0 0 0 0 0 0
sp80 0 0 0 0 1 0 0 0 0 0 0 0 1 0 0 0 0 1 0 0 0 0 0 0 1 0 0 0 0 0
sp81 0 0 0 0 0 0 0 0 0 0 0 0 0 1 0 0 0 0 0 0 0 0 0 1 0 0 0 0 0 0
sp82 1 1 0 0 0 0 0 0 0 0 0 1 0 1 0 0 0 0 0 0 0 0 1 0 1 0 1 0 0 0
sp83 0 0 0 0 0 1 0 1 1 0 1 0 0 0 1 0 0 0 0 0 0 1 0 0 0 1 0 0 0 0
sp84 0 0 0 1 1 0 0 0 0 0 0 0 0 0 1 0 0 0 0 1 1 0 0 0 0 0 0 0 1 0
sp85 0 0 0 0 0 0 1 0 1 1 0 0 0 0 0 0 0 0 0 0 0 0 1 0 0 0 1 1 0 0
sp86 0 0 0 0 0 0 0 0 0 0 0 1 1 0 0 1 0 0 0 0 1 0 0 0 0 0 0 0 0 0
sp87 0 0 0 0 1 0 0 0 1 0 0 0 0 0 0 0 0 0 1 1 1 0 1 0 0 0 0 0 0 0
sp88 1 0 0 0 0 0 1 0 0 0 0 0 1 1 0 0 0 0 0 0 1 0 1 0 1 0 0 0 0 0
sp89 0 0 0 0 0 0 0 1 0 0 1 0 0 1 0 0 1 1 0 1 0 0 0 0 0 0 0 0 0 0
sp90 0 0 1 0 0 0 0 0 0 0 0 0 0 1 0 0 0 0 0 1 0 0 0 0 0 1 0 0 0 0
sp91 0 0 0 0 0 0 0 0 0 0 0 0 0 0 0 0 0 1 0 0 0 0 0 0 0 0 0 0 0 0
sp92 0 0 0 0 0 0 0 0 0 0 0 0 0 0 0 0 0 0 0 0 0 0 0 0 0 0 0 0 1 0
sp93 1 0 0 0 0 0 0 0 0 0 0 0 0 0 0 0 0 0 0 0 0 0 0 0 0 0 0 0 0 0
sp94 0 0 0 0 0 0 0 0 0 0 0 0 0 0 0 1 0 0 0 0 0 0 0 0 0 0 0 0 0 0
sp95 0 0 0 0 0 0 0 0 0 0 0 0 0 0 0 0 0 0 0 0 0 0 0 1 0 0 0 0 0 0
sp96 0 0 0 0 0 0 0 0 0 0 0 0 0 0 0 0 0 1 0 0 0 0 0 0 0 0 0 0 0 0
sp97 0 0 0 0 0 1 0 0 0 0 0 0 0 0 0 0 0 0 0 0 0 0 0 0 0 0 0 0 0 0
sp98 1 0 0 0 0 0 0 0 0 0 0 0 0 0 0 0 0 0 0 0 0 0 0 0 0 0 0 0 0 0
sp99 0 0 0 0 0 0 0 0 0 0 0 0 0 0 0 0 1 0 0 0 0 0 0 0 0 0 0 0 0 0
sp100 1 0 0 0 0 0 0 0 0 0 0 0 0 0 0 0 0 0 0 0 0 0 0 0 0 0 0 0 0 0
