100 10
sp1 1 1 0 1 1 1 1 1 0 1
sp2 1 1 1 0 1 1 0 1 1 1
sp3 1 1 1 1 1 1 1 0 1 0
sp4 1 1 1 1 0 1 1 0 1 1
sp5 0 1 0 1 1 1 1 1 1 0
sp6 1 0 1 0 1 1 0 1 1 0
sp7 1 1 0 1 1 1 0 1 1 1
sp8 1 0 1 0 1 0 1 1 1 1
sp9 1 1 1 1 0 1 0 1 1 1
sp10 0 1 1 1 1 0 1 0 1 1
sp11 1 1 1 1 1 0 0 1 1 1
sp12 1 1 1 1 1 0 1 1 0 1
sp13 0 1 1 0 1 1 0 0 1 1
sp14 1 1 0 1 1 1 1 0 1 1
sp15 0 1 1 1 1 0 1 1 1 1
sp16 1 1 1 1 1 0 0 1 1 1
sp17 1 1 1 0 0 1 1 1 1 1
sp18 1 1 1 1 1 1 0 0 0 1
sp19 0 0 1 1 1 1 1 1 1 1
sp20 1 1 1 1 1 1 0 1 1 0
sp21 1 1 1 1 1 0 1 1 0 0
sp22 1 0 1 1 1 1 1 1 1 0
sp23 1 1 1 0 1 1 0 1 1 1
sp24 0 0 1 0 1 1 1 1 1 1
sp25 0 1 1 1 1 1 1 1 0 1
sp26 1 0 1 0 1 1 1 1 1 1
sp27 1 1 0 1 0 1 1 1 0 1
sp28 0 1 1 1 1 1 0 0 1 1
sp29 1 1 0 1 1 0 1 1 0 1
sp30 1 1 0 1 1 1 0 1 1 0
sp31 0 1 1 0 1 1 1 1 1 1
sp32 1 1 1 1 1 1 0 0 1 1
sp33 0 1 1 1 0 0 1 0 1 1
sp34 1 0 1 1 0 1 1 1 0 1
sp35 1 1 1 0 1 1 1 0 1 0
sp36 1 0 1 1 1 0 1 1 1 0
sp37 1 1 1 1 1 0 1 0 0 0
sp38 1 1 1 0 1 1 0 0 1 1
sp39 1 0 1 1 1 1 0 1 1 1
sp40 0 1 0 0 1 1 1 1 0 1
sp41 0 1 1 1 1 0 1 1 0 1
sp42 0 1 1 1 0 0 0 1 1 0
sp43 0 1 1 1 1 0 1 1 0 1
sp44 0 1 0 1 1 0 0 1 1 1
sp45 1 1 0 0 1 1 1 1 1 1
sp46 0 1 1 1 1 0 1 1 0 0
sp47 1 0 1 0 1 1 1 1 0 1
sp48 1 0 1 0 1 1 1 0 0 0
sp49 1 0 1 1 0 1 1 1 1 1
sp50 1 1 1 1 1 1 1 0 1 0
sp51 1 0 1 1 1 1 0 1 0 1
sp52 0 1 1 1 1 1 0 1 1 1
sp53 0 1 0 1 0 1 1 1 1 0
sp54 1 1 0 1 0 1 1 0 1 1
sp55 0 1 1 1 1 0 1 1 0 1
sp56 1 1 0 1 1 1 1 0 0 1
sp57 0 1 0 0 1 1 1 1 1 0
sp58 0 1 0 1 1 1 0 1 1 1
sp59 0 0 0 1 1 1 1 1 1 1
sp60 1 0 1 1 1 0 1 1 1 1
sp61 0 1 1 1 0 0 1 1 1 1
sp62 1 1 0 0 1 1 0 1 1 0
sp63 0 1 0 1 0 1 1 1 1 1
sp64 1 0 1 0 1 1 0 1 1 1
sp65 1 1 0 1 0 1 1 1 0 0
sp66 1 1 0 1 0 1 1 1 1 1
sp67 1 1 0 1 1 1 1 0 1 0
sp68 1 1 1 0 0 1 1 1 1 1
sp69 1 0 1 1 1 0 1 1 1 0
sp70 1 1 1 0 1 1 1 1 0 1
sp71 1 0 0 1 1 1 1 0 0 1
sp72 1 1 1 0 0 1 1 0 1 0
sp73 1 1 0 0 1 1 1 1 0 1
sp74 1 1 0 1 0 1 0 0 1 1
sp75 1 1 0 1 0 1 1 0 1 0
sp76 1 1 1 1 0 1 1 0 1 1
sp77 1 1 1 1 1 0 0 1 1 1
sp78 1 0 1 0 0 1 1 1 0 1
sp79 1 1 0 1 1 0 1 1 1 1
sp80 0 0 1 0 0 1 1 1 1 1
sp81 1 1 1 1 0 1 0 0 1 1
sp82 1 0 0 0 1 1 1 0 1 1
sp83 1 1 1 1 1 1 1 0 0 0
sp84 0 0 1 1 1 1 0 1 1 1
sp85 1 1 1 1 0 0 1 1 0 0
sp86 1 0 1 1 1 1 1 0 1 1
sp87 0 1 1 0 0 1 1 1 1 0
sp88 1 0 0 0 1 0 1 0 0 1
sp89 1 0 1 1 0 1 1 0 1 1
sp90 1 1 0 1 0 0 1 1 0 1
sp91 0 1 1 1 1 0 0 1 1 1
sp92 1 0 1 1 0 1 1 1 0 1
sp93 1 1 0 0 1 0 0 1 1 0
sp94 0 0 1 1 0 1 1 1 1 0
sp95 1 0 1 1 1 0 1 0 0 0
sp96 1 1 1 1 1 0 1 1 1 0
sp97 0 0 1 0 0 0 1 0 1 1
sp98 1 1 1 0 1 1 0 1 1 0
sp99 1 0 1 1 0 1 1 1 1 1
sp100 1 1 1 1 1 1 0 1 0 1
