100 30
sp1 1 1 1 1 1 1 1 1 0 1 1 1 1 1 1 1 1 1 1 1 0 0 1 0 0 1 0 1 1 0
sp2 1 1 1 1 0 1 1 0 1 1 1 1 1 1 1 1 1 1 1 1 1 1 1 1 1 1 0 1 0 1
sp3 1 0 1 1 0 1 1 0 1 1 0 1 1 1 1 1 1 0 1 1 1 0 1 1 1 1 0 1 1 1
sp4 1 1 1 1 1 0 1 1 1 1 1 0 0 1 1 1 1 1 1 1 1 1 1 1 1 1 1 1 1 0
sp5 0 1 1 1 0 1 1 1 1 1 1 1 1 1 1 1 1 1 1 1 0 1 1 1 1 1 1 1 1 1
sp6 1 0 1 1 0 1 1 1 1 1 1 1 1 1 1 1 1 0 0 1 1 1 1 1 1 1 1 1 0 1
sp7 1 1 0 1 1 1 1 1 0 0 1 1 1 1 1 1 1 0 1 1 0 0 0 1 1 1 1 1 1 1
sp8 1 1 0 1 1 1 1 1 0 1 1 0 1 1 1 1 1 1 1 1 1 1 1 1 1 1 0 1 1 1
sp9 1 1 1 0 1 1 0 1 1 0 1 1 1 0 1 1 1 1 1 1 1 1 0 1 1 1 1 1 1 0
sp10 1 1 1 1 1 0 1 1 1 1 1 1 0 0 1 1 0 1 1 1 1 1 1 1 1 1 1 1 1 1
sp11 0 1 1 0 0 1 1 0 1 1 0 1 1 1 0 1 1 1 1 1 0 1 1 1 1 1 1 1 0 0
sp12 1 1 1 1 0 1 1 1 1 1 0 1 0 1 0 0 1 0 0 1 0 1 0 0 1 0 0 1 0 1
sp13 1 0 1 0 1 1 1 1 0 1 0 0 1 1 0 1 1 0 0 1 0 0 0 0 1 0 0 1 0 1
sp14 1 1 1 1 1 0 1 1 1 1 1 1 0 1 0 1 0 1 0 0 0 1 1 1 1 0 0 1 0 0
sp15 0 1 0 0 0 0 1 1 1 0 0 0 1 0 1 0 1 1 1 0 1 1 0 1 0 1 1 0 1 0
sp16 1 0 0 1 1 0 1 1 0 0 0 1 1 1 0 0 1 1 1 1 0 0 1 1 1 1 1 0 1 1
sp17 1 1 1 1 1 1 1 1 0 1 0 1 0 1 1 0 1 1 1 1 1 0 0 1 0 0 1 0 1 0
sp18 1 0 1 0 1 1 1 1 1 1 1 1 0 1 1 1 1 1 1 1 1 1 1 0 0 1 1 1 1 1
sp19 1 0 1 1 1 1 0 1 0 1 0 0 1 1 0 1 1 0 1 1 1 0 1 0 0 0 0 1 0 1
sp20 0 1 1 1 1 1 1 1 1 1 0 1 0 1 1 1 0 1 0 1 0 1 0 0 1 0 0 1 1 1
sp21 1 1 1 1 0 0 1 1 0 1 1 1 1 1 1 1 0 1 0 0 0 0 1 0 1 1 1 0 0 1
sp22 1 1 1 1 1 0 0 0 1 1 0 0 1 0 0 1 1 0 1 0 1 1 1 1 0 1 1 0 1 0
sp23 1 1 1 1 0 0 1 0 1 1 1 0 1 0 1 0 1 0 0 1 1 0 1 0 1 0 0 0 0 0
sp24 1 0 1 1 1 1 1 1 1 0 0 1 0 1 1 0 1 1 1 1 0 0 1 1 0 1 1 0 1 1
sp25 1 1 0 1 1 1 1 1 0 0 0 1 0 1 0 1 0 1 0 1 1 0 1 1 0 1 1 1 1 1
sp26 1 1 1 1 1 1 1 0 1 1 1 1 0 1 0 0 1 0 0 0 1 1 1 0 1 1 1 1 1 1
sp27 1 0 0 1 1 1 1 1 1 0 1 1 1 0 1 1 0 0 1 1 1 0 1 1 1 0 0 1 0 1
sp28 1 1 1 1 0 1 0 1 1 1 0 1 1 0 1 1 1 1 1 0 1 1 0 1 0 1 1 0 1 0
sp29 0 1 1 1 0 0 0 0 0 1 0 1 0 0 1 1 1 1 1 1 0 1 1 1 1 0 1 1 0 1
sp30 0 1 1 1 0 0 0 1 0 1 0 1 1 1 1 1 1 1 1 1 0 1 0 0 0 1 0 1 1 1
sp31 1 1 1 0 1 1 1 0 1 1 0 0 1 0 1 1 0 1 0 0 1 1 1 0 1 1 0 0 0 0
sp32 1 0 1 0 0 0 0 0 1 0 0 1 1 0 1 0 1 1 0 0 1 1 0 1 1 0 1 0 1 1
sp33 0 1 1 0 1 0 0 1 0 0 1 1 1 1 0 0 0 1 1 1 0 0 1 1 1 1 0 1 1 0
sp34 0 1 0 0 1 1 1 1 0 0 1 1 0 1 1 0 1 1 1 1 1 1 1 1 1 1 1 1 0 1
sp35 0 0 1 1 1 0 1 1 1 1 0 0 1 0 1 0 1 0 1 0 1 0 1 1 0 0 1 1 1 1
sp36 0 1 1 1 1 1 1 1 0 1 1 0 0 1 0 0 0 1 0 1 1 1 1 1 1 1 1 1 0 0
sp37 1 1 1 0 1 1 0 1 1 1 1 1 1 0 1 0 0 0 0 0 1 1 0 1 1 1 1 0 1 0
sp38 0 1 0 0 0 0 0 1 1 0 1 1 0 0 1 0 0 1 1 1 1 1 1 1 1 0 1 1 1 1
sp39 1 1 1 0 0 0 0 1 0 1 1 1 1 1 1 0 0 1 1 0 1 0 1 1 1 1 0 1 1 0
sp40 0 1 0 0 1 1 1 1 0 1 0 1 1 1 1 0 1 1 1 1 0 1 0 1 1 1 0 0 1 1
sp41 1 1 0 1 0 1 1 0 0 0 0 1 1 1 1 1 1 1 0 1 1 1 0 0 1 1 1 1 1 0
sp42 1 0 1 1 1 1 1 1 1 0 1 1 1 0 0 1 0 1 0 1 1 0 0 0 0 0 1 1 0 0
sp43 1 0 1 0 0 0 0 1 0 1 0 1 0 0 1 0 0 0 1 0 1 0 1 1 0 0 0 0 1 1
sp44 1 1 1 1 1 0 0 1 0 1 1 1 1 0 1 1 1 1 0 0 0 0 1 0 1 0 0 0 1 1
sp45 1 1 1 1 0 1 1 1 1 0 1 0 1 1 0 1 0 1 1 1 1 1 1 1 1 0 0 0 0 1
sp46 1 0 1 0 1 0 0 1 1 1 0 0 1 0 0 0 1 1 1 0 1 1 0 1 0 1 1 0 0 1
sp47 0 0 0 1 1 1 1 1 0 1 0 0 1 1 1 1 1 0 1 1 1 0 1 0 0 1 0 1 1 1
sp48 1 1 0 1 1 1 0 0 1 0 1 1 0 1 1 0 0 1 0 1 0 1 1 1 0 1 1 1 1 1
sp49 0 1 0 1 1 0 1 1 1 1 1 0 0 1 0 1 1 1 1 1 1 1 1 1 1 1 1 0 1 0
sp50 1 1 1 1 1 1 0 1 1 1 1 1 1 1 1 1 1 0 1 1 0 1 0 1 0 0 0 1 1 1
sp51 1 1 0 1 0 1 0 0 1 1 1 1 1 0 0 0 0 0 0 1 1 1 0 0 0 0 1 1 0 1
sp52 0 1 1 1 1 0 1 0 0 0 0 1 1 0 1 0 1 0 0 0 0 0 0 0 0 0 1 0 1 1
sp53 0 0 0 0 1 0 1 1 0 0 1 1 1 0 1 1 0 0 0 1 1 1 1 0 0 1 1 1 1 0
sp54 0 0 0 0 1 1 0 0 1 1 1 0 0 1 0 0 0 0 0 0 0 0 1 1 0 1 1 0 0 1
sp55 1 1 0 1 0 0 0 0 0 0 1 0 0 1 0 0 0 0 0 0 0 0 0 0 0 1 0 0 0 1
sp56 0 0 0 0 0 0 0 0 1 0 0 0 0 0 0 1 0 0 1 0 0 0 0 1 0 1 0 0 0 0
sp57 0 0 1 1 0 0 0 0 0 0 1 0 0 0 0 1 0 0 0 1 0 0 0 0 1 0 0 1 0 0
sp58 0 0 0 0 1 1 0 1 0 0 1 0 0 1 0 0 0 0 1 0 0 0 0 1 1 0 0 1 0 0
sp59 1 0 0 1 0 0 1 0 1 0 1 0 1 0 0 1 0 1 1 0 1 0 0 0 0 0 0 1 0 1
sp60 0 1 0 0 0 1 1 0 1 0 0 0 1 1 0 0 0 0 0 1 1 0 0 0 1 0 1 0 1 1
sp61 1 0 0 0 0 1 1 0 1 0 1 1 0 0 0 0 0 1 1 0 0 1 0 1 0 1 0 0 0 0
sp62 0 0 0 0 0 0 0 0 0 1 1 1 1 1 0 1 0 0 0 0 0 0 1 1 1 0 0 1 0 1
sp63 1 1 0 1 0 1 0 0 1 0 1 1 1 1 0 0 1 0 0 0 0 0 0 0 0 0 1 0 0 0
sp64 1 0 0 0 0 0 0 0 0 0 1 0 0 1 0 0 0 0 0 1 0 1 0 0 0 0 1 0 1 0
sp65 0 0 0 0 0 0 1 0 0 0 0 0 0 1 0 0 0 0 0 0 1 1 1 1 1 0 1 0 1 1
sp66 0 0 1 1 1 1 1 0 0 0 0 0 0 1 0 0 1 1 1 1 0 0 1 0 0 0 0 1 0 0
sp67 0 1 0 0 0 1 0 0 1 0 1 1 1 0 1 0 0 0 1 1 0 0 0 1 0 0 0 1 0 0
sp68 1 0 0 0 0 1 0 0 0 0 1 1 1 1 0 0 1 0 1 0 1 1 0 0 0 0 1 0 1 0
sp69 1 1 0 0 0 0 1 0 0 0 1 0 0 0 1 0 0 1 1 1 1 1 0 0 0 1 1 0 1 0
sp70 0 0 0 0 1 0 0 0 1 0 0 1 1 0 1 1 0 0 0 0 0 0 1 0 0 0 0 0 0 1
sp71 1 1 1 1 0 1 0 0 1 0 0 0 0 0 0 1 0 0 0 1 1 1 1 0 0 0 0 0 1 1
sp72 1 0 1 1 1 1 0 0 0 1 0 0 1 1 1 1 0 0 0 0 0 0 1 1 1 1 0 1 0 1
sp73 0 0 0 0 0 0 0 0 1 0 1 0 0 1 1 1 0 0 0 1 0 1 1 1 0 0 1 1 0 1
sp74 0 0 1 0 0 0 0 0 1 0 1 1 1 1 0 0 0 0 1 0 0 0 0 0 0 1 1 0 1 0
sp75 0 0 0 0 1 0 0 0 1 0 1 1 0 0 1 0 0 0 0 0 0 1 0 0 0 0 0 0 1 0
sp76 0 1 0 0 1 0 1 1 0 0 0 0 0 0 1 0 1 0 0 0 1 0 1 0 0 0 0 1 0 1
sp77 0 1 1 0 0 1 0 0 1 0 1 0 0 0 1 0 1 1 1 1 0 1 0 1 1 1 1 1 0 0
sp78 0 0 1 1 1 0 0 0 0 1 0 0 1 0 0 1 1 0 0 0 0 0 1 0 1 0 0 0 0 0
sp79 0 0 1 1 0 1 1 0 0 1 0 0 0 0 0 1 0 1 0 0 0 0 1 0 1 0 0 0 0 0
sp80 1 0 0 0 0 0 0 1 1 0 0 1 0 0 0 1 0 0 0 0 1 1 0 0 0 0 1 0 1 0
sp81 0 0 0 0 0 1 0 0 0 1 0 0 0 0 0 0 1 0 1 0 0 1 0 0 0 1 0 1 0 0
sp82 0 0 0 1 0 1 0 0 0 0 0 0 0 0 0 1 1 0 1 0 1 0 1 0 0 1 0 0 1 1
sp83 0 1 0 0 1 1 1 1 0 0 1 0 1 0 0 1 0 1 0 0 0 1 0 0 0 0 1 0 0 0
sp84 0 0 0 0 1 0 1 0 0 1 1 0 0 0 0 1 0 1 1 0 1 0 0 0 1 0 0 0 0 0
sp85 1 0 0 1 0 1 0 0 1 0 0 0 0 0 1 0 0 0 0 0 1 0 0 1 0 0 1 1 0 0
sp86 1 1 0 0 0 1 1 1 1 1 0 0 0 0 0 0 0 0 1 0 0 1 0 0 0 0 0 0 0 0
sp87 0 0 1 0 0 0 0 0 0 0 0 0 1 0 0 0 0 0 0 1 0 0 0 0 1 0 1 0 0 0
sp88 0 0 0 0 0 0 0 1 0 0 0 1 0 0 0 1 1 1 0 0 1 1 0 0 1 1 1 0 1 1
sp89 1 1 0 0 1 0 0 0 0 0 1 0 0 0 0 0 1 0 1 0 0 0 0 0 1 1 0 1 1 0
sp90 0 0 0 0 0 0 1 0 0 0 0 0 0 1 0 1 0 0 0 0 0 0 1 1 1 0 0 0 0 0
sp91 0 0 0 0 0 0 0 1 0 0 0 0 1 0 0 0 1 1 1 1 1 1 0 0 0 0 0 0 0 1
sp92 0 0 0 0 1 0 1 1 0 1 0 0 0 0 1 0 1 1 1 0 0 1 0 1 0 0 1 0 0 1
sp93 0 1 0 0 1 0 0 0 0 1 0 0 0 0 1 0 1 0 0 0 0 0 1 0 0 0 1 0 0 0
sp94 0 0 0 0 0 0 0 1 0 1 0 0 0 0 0 0 0 0 0 0 1 0 0 0 1 1 0 0 0 1
sp95 0 0 0 0 1 0 0 1 1 0 0 1 0 0 1 1 1 1 0 0 1 0 0 0 0 0 1 1 1 0
sp96 0 0 0 1 0 1 1 0 0 1 0 0 0 1 0 0 0 0 0 0 0 0 1 0 1 0 0 1 0 0
sp97 0 0 1 0 0 0 0 0 1 1 0 0 0 0 1 0 0 1 0 0 0 1 0 0 1 0 0 0 0 0
sp98 0 0 0 0 1 0 0 0 0 0 1 0 0 1 0 1 0 1 0 0 0 0 0 1 0 1 0 0 1 0
sp99 0 0 1 0 0 0 0 0 0 1 1 0 0 1 0 0 1 0 0 1 1 0 0 1 0 1 0 0 0 0
sp100 0 0 1 1 1 0 0 0 1 0 0 0 1 0 0 0 0 1 0 0 0 0 0 0 0 1 0 0 1 0
