100 10
sp1 1 1 1 0 0 0 0 0 0 0
sp2 1 1 0 1 0 0 0 0 0 0
sp3 1 1 0 0 0 1 0 0 0 0
sp4 0 0 0 1 0 0 1 0 0 1
sp5 0 1 0 0 1 0 0 1 0 0
sp6 1 0 0 0 0 1 0 0 0 1
sp7 1 1 0 1 0 0 0 0 0 0
sp8 1 1 0 0 0 0 1 0 0 0
sp9 1 0 0 0 1 1 0 0 0 0
sp10 0 1 1 0 0 0 0 0 1 0
sp11 1 1 0 0 1 0 0 0 0 0
sp12 1 0 0 1 0 1 0 0 0 0
sp13 1 0 0 1 0 1 0 0 0 0
sp14 1 1 0 0 0 0 0 0 0 1
sp15 0 1 1 0 1 0 0 0 0 0
sp16 1 1 0 1 0 0 0 0 0 0
sp17 1 1 0 1 0 0 0 0 0 0
sp18 1 1 0 0 0 0 0 0 0 1
sp19 1 0 0 0 0 0 0 1 1 0
sp20 0 0 0 0 1 0 0 1 1 0
sp21 1 1 0 0 1 0 0 0 0 0
sp22 1 0 0 1 0 1 0 0 0 0
sp23 1 1 0 0 0 0 0 0 1 0
sp24 1 0 1 0 1 0 0 0 0 0
sp25 1 0 0 0 1 0 0 0 1 0
sp26 0 1 0 0 0 0 0 0 1 1
sp27 1 0 1 0 0 0 1 0 0 0
sp28 1 1 0 0 0 0 1 0 0 0
sp29 1 0 0 0 0 1 1 0 0 0
sp30 1 1 0 0 0 0 0 0 0 1
sp31 1 0 0 0 0 0 0 0 1 1
sp32 1 0 0 0 1 0 0 1 0 0
sp33 0 0 1 0 1 1 0 0 0 0
sp34 0 1 1 1 0 0 0 0 0 0
sp35 1 0 0 0 0 0 0 1 0 1
sp36 1 1 0 1 0 0 0 0 0 0
sp37 1 1 0 0 0 1 0 0 0 0
sp38 1 1 1 0 0 0 0 0 0 0
sp39 1 1 0 0 1 0 0 0 0 0
sp40 1 1 0 0 0 0 1 0 0 0
sp41 1 1 0 1 0 0 0 0 0 0
sp42 0 1 0 1 1 0 0 0 0 0
sp43 0 0 1 1 1 0 0 0 0 0
sp44 1 1 0 0 0 0 0 1 0 0
sp45 1 0 0 1 1 0 0 0 0 0
sp46 1 0 1 0 0 0 0 0 0 1
sp47 1 1 0 0 0 1 0 0 0 0
sp48 1 0 1 0 1 0 0 0 0 0
sp49 1 0 1 0 0 0 1 0 0 0
sp50 0 1 0 1 1 0 0 0 0 0
sp51 1 1 1 0 0 0 0 0 0 0
sp52 1 0 0 0 1 0 0 0 1 0
sp53 0 0 1 0 1 1 0 0 0 0
sp54 0 1 1 0 0 0 1 0 0 0
sp55 1 0 0 1 0 1 0 0 0 0
sp56 1 0 0 0 1 0 0 0 0 1
sp57 0 1 0 0 1 0 0 1 0 0
sp58 1 1 0 0 0 0 1 0 0 0
sp59 1 0 0 1 1 0 0 0 0 0
sp60 1 1 1 0 0 0 0 0 0 0
sp61 1 1 1 0 0 0 0 0 0 0
sp62 0 1 1 0 0 0 0 0 0 1
sp63 1 1 0 0 0 0 0 1 0 0
sp64 0 0 1 0 0 1 0 0 0 1
sp65 0 1 0 1 1 0 0 0 0 0
sp66 0 0 0 1 1 0 1 0 0 0
sp67 0 1 0 0 0 1 0 0 1 0
sp68 0 1 0 0 1 1 0 0 0 0
sp69 1 0 1 0 1 0 0 0 0 0
sp70 1 1 0 1 0 0 0 0 0 0
sp71 1 0 0 0 1 1 0 0 0 0
sp72 1 1 0 0 0 0 0 0 1 0
sp73 0 0 0 0 0 1 1 1 0 0
sp74 1 1 0 0 0 1 0 0 0 0
sp75 0 1 0 0 1 0 0 0 1 0
sp76 0 1 0 1 0 1 0 0 0 0
sp77 0 1 1 0 0 0 0 1 0 0
sp78 0 1 1 0 1 0 0 0 0 0
sp79 1 1 1 0 0 0 0 0 0 0
sp80 0 0 0 1 1 1 0 0 0 0
sp81 1 1 0 0 0 0 0 0 0 1
sp82 1 0 0 0 0 0 1 0 0 1
sp83 1 0 1 0 1 0 0 0 0 0
sp84 0 1 0 1 1 0 0 0 0 0
sp85 0 1 0 0 1 1 0 0 0 0
sp86 1 0 0 0 1 0 1 0 0 0
sp87 0 1 1 0 1 0 0 0 0 0
sp88 0 1 0 0 0 0 1 0 0 1
sp89 0 1 0 1 1 0 0 0 0 0
sp90 1 0 0 0 1 0 0 0 1 0
sp91 0 0 1 1 0 1 0 0 0 0
sp92 0 1 0 0 0 1 1 0 0 0
sp93 0 1 1 1 0 0 0 0 0 0
sp94 0 0 1 0 1 1 0 0 0 0
sp95 0 0 1 0 1 1 0 0 0 0
sp96 1 0 0 0 0 0 0 0 1 1
sp97 0 1 0 0 0 1 0 0 0 1
sp98 1 0 1 0 0 1 0 0 0 0
sp99 0 1 0 0 0 1 0 0 0 1
sp100 0 0 1 1 1 0 0 0 0 0
