100 30
sp1 1 1 1 1 1 1 1 1 1 1 1 1 1 1 1 1 1 1 1 1 1 1 1 1 1 1 1 1 1 1
sp2 1 1 1 1 1 1 1 0 1 1 1 1 1 1 1 1 1 1 1 1 0 1 1 1 1 1 1 1 1 1
sp3 1 1 1 1 1 1 1 1 1 1 0 1 1 1 1 1 1 1 0 1 1 1 1 1 1 1 1 1 1 0
sp4 1 1 1 1 1 1 1 1 1 1 0 1 0 1 1 0 1 1 1 1 1 1 0 1 0 1 1 1 1 1
sp5 1 1 1 0 0 1 1 1 0 1 1 1 1 1 0 1 1 0 1 0 1 1 1 1 1 1 1 1 1 1
sp6 1 1 1 1 1 1 1 1 1 1 1 0 1 0 1 1 0 0 1 1 0 1 1 1 1 1 1 1 1 0
sp7 1 0 1 1 1 1 1 1 1 1 1 1 0 1 1 1 1 0 1 1 1 1 1 1 1 1 1 1 0 0
sp8 1 1 0 1 1 1 1 1 1 1 0 1 0 1 1 1 1 1 1 1 1 1 1 1 1 1 1 1 1 1
sp9 1 1 1 1 1 1 0 0 1 0 1 1 1 1 1 1 1 0 1 1 1 1 1 1 0 1 1 1 0 1
sp10 1 0 1 0 0 1 1 1 1 1 1 1 1 1 1 1 1 1 1 1 1 1 1 1 0 1 1 1 1 1
sp11 0 1 1 1 0 0 1 1 0 0 0 1 1 1 0 0 1 1 0 1 0 0 1 0 0 0 1 0 1 0
sp12 0 0 0 0 0 1 0 0 0 0 1 1 0 1 0 0 1 0 0 0 1 0 1 1 0 1 1 0 1 1
sp13 1 0 1 0 1 0 0 1 0 0 1 1 1 1 1 1 0 1 0 0 0 0 1 1 1 0 0 0 0 0
sp14 1 1 1 0 0 1 0 1 1 0 1 0 1 1 1 1 1 1 0 1 1 0 1 0 0 1 0 0 1 1
sp15 1 1 0 1 1 0 0 1 1 1 1 1 0 0 1 1 0 1 0 1 0 0 1 1 0 0 1 1 0 1
sp16 1 0 0 0 0 1 1 1 1 0 0 1 0 0 0 1 1 1 0 1 0 0 0 0 1 0 0 1 0 0
sp17 0 0 1 0 1 0 0 0 1 1 1 0 1 1 0 0 0 1 1 1 0 0 0 1 0 1 0 1 0 1
sp18 0 1 0 1 0 0 1 0 0 1 1 1 1 0 1 1 1 1 0 0 1 0 0 0 1 0 1 1 1 0
sp19 0 1 0 0 0 1 0 1 1 1 0 1 0 0 0 1 0 0 1 0 1 1 0 1 1 0 1 0 1 1
sp20 0 1 0 1 1 0 0 0 1 0 0 1 0 0 0 0 0 0 0 0 0 1 0 0 0 1 0 1 0 1
sp21 1 0 0 0 1 0 1 1 0 1 0 0 0 0 0 1 0 0 1 0 1 0 0 1 0 1 0 1 1 1
sp22 0 0 0 1 1 0 0 1 1 0 1 0 1 0 1 0 1 1 1 1 0 0 0 0 0 0 1 0 0 1
sp23 1 1 1 0 1 1 0 1 0 1 0 0 0 1 1 1 0 0 0 0 0 0 0 1 1 0 0 1 0 0
sp24 0 0 0 1 1 1 1 0 1 1 1 0 0 1 0 1 1 0 1 0 1 1 1 1 1 1 0 1 1 0
sp25 1 1 0 1 1 0 0 1 0 0 1 0 1 1 0 0 0 0 1 0 0 1 1 1 0 1 0 0 0 1
sp26 1 0 0 0 0 0 0 0 0 0 1 0 1 0 0 1 0 0 1 1 0 0 0 1 1 1 1 0 0 0
sp27 0 1 0 0 0 0 1 1 1 0 0 1 1 0 1 0 1 1 0 1 0 1 1 0 1 1 0 1 1 1
sp28 0 0 1 1 0 1 0 1 0 0 1 1 1 0 0 0 0 0 0 1 1 0 0 1 0 0 0 1 1 0
sp29 0 0 0 1 1 1 1 1 0 0 0 0 0 0 0 1 1 0 1 0 1 0 1 0 1 0 0 1 0 1
sp30 0 0 0 1 1 0 0 0 1 0 0 0 1 0 0 0 0 0 0 1 0 0 0 0 1 0 0 0 0 0
sp31 0 0 0 0 0 0 0 0 0 0 1 0 0 0 0 1 0 0 0 1 0 1 1 0 0 0 0 0 0 0
sp32 0 0 1 0 0 0 1 0 0 0 0 1 0 1 0 0 0 1 0 0 0 1 1 0 0 0 0 0 0 0
sp33 0 0 1 0 0 1 0 0 0 1 0 0 1 0 0 1 0 1 0 0 0 0 0 0 0 0 0 0 0 1
sp34 0 0 0 0 0 0 1 0 0 0 0 0 1 0 0 0 0 1 0 0 1 1 0 1 0 0 0 0 1 0
sp35 1 0 0 0 1 0 0 0 0 1 0 1 0 0 0 0 1 0 1 0 0 0 0 1 0 0 1 0 0 0
sp36 0 0 0 0 0 0 0 0 0 1 0 1 0 0 0 0 0 1 0 0 0 0 0 0 1 0 0 0 0 0
sp37 0 0 0 0 0 1 0 0 1 0 0 0 0 0 1 1 0 0 0 1 0 1 0 0 0 0 0 0 0 1
sp38 0 0 0 0 0 0 1 0 0 1 0 0 0 1 1 0 1 0 1 1 0 0 1 0 0 0 0 0 0 1
sp39 1 0 0 0 1 0 0 0 0 0 0 0 0 0 0 0 0 0 0 0 0 0 0 0 1 0 0 1 1 1
sp40 0 0 1 0 0 0 0 0 0 0 0 0 1 0 0 1 0 1 0 0 0 1 0 1 0 0 0 0 0 0
sp41 1 0 1 0 0 0 0 0 0 0 0 0 0 1 0 1 0 1 0 0 0 1 0 0 0 0 0 1 0 0
sp42 0 1 0 0 0 0 0 1 0 0 0 0 0 0 0 0 1 1 0 0 0 0 0 0 0 0 1 0 1 0
sp43 0 0 0 0 0 0 0 0 0 0 0 0 1 0 0 0 0 0 0 0 1 0 0 1 1 0 0 0 1 0
sp44 0 0 0 0 0 0 0 1 0 1 0 0 0 0 0 0 0 0 0 0 0 0 0 0 0 0 0 0 0 0
sp45 0 1 0 0 0 0 1 0 0 0 1 0 0 0 0 0 0 1 0 0 0 0 1 0 1 0 0 1 1 0
sp46 0 0 0 0 1 0 0 0 0 1 0 0 0 1 1 0 0 0 0 0 0 0 0 0 0 1 1 0 0 0
sp47 0 0 0 0 1 0 0 1 0 0 0 0 0 0 0 0 0 1 0 0 0 0 0 0 0 0 0 0 0 0
sp48 0 0 1 0 0 0 0 0 0 0 0 0 0 0 0 0 0 0 0 0 0 0 0 0 0 0 0 1 1 0
sp49 1 0 0 1 0 0 0 0 1 1 0 0 0 0 0 0 0 0 0 0 0 0 0 0 0 0 1 0 1 0
sp50 0 0 1 1 0 1 0 0 0 1 0 0 0 1 0 0 0 0 0 1 0 0 0 0 0 0 0 0 0 0
sp51 0 1 0 0 0 0 0 1 1 0 0 0 0 0 0 0 0 0 0 0 0 0 0 0 0 0 0 1 1 0
sp52 0 0 1 0 0 1 0 0 1 0 0 0 1 0 1 0 0 1 0 0 0 0 0 0 1 0 0 0 0 0
sp53 0 0 0 0 0 0 0 0 0 0 0 0 0 0 0 0 0 0 0 0 0 0 0 0 1 0 0 0 1 0
sp54 0 0 0 0 0 0 0 0 0 0 1 0 0 1 0 0 0 0 0 1 1 0 0 0 1 1 0 0 0 0
sp55 0 0 0 0 1 0 0 1 0 0 0 1 0 1 0 0 1 0 0 0 0 0 0 0 0 0 1 0 0 0
sp56 0 0 0 0 0 1 0 0 0 0 0 0 0 0 0 0 0 0 1 1 0 0 0 0 0 0 1 0 0 0
sp57 1 0 0 0 0 0 0 0 0 1 0 0 1 0 0 1 0 1 1 0 0 0 0 0 1 0 0 0 0 0
sp58 0 0 0 0 0 1 0 0 0 0 1 1 0 0 0 0 0 0 0 0 0 0 0 0 0 0 0 0 0 0
sp59 0 0 0 0 1 0 1 0 0 0 0 0 0 0 0 0 0 0 0 0 0 0 1 0 0 0 0 0 0 0
sp60 0 0 1 1 0 0 1 0 0 0 0 0 0 0 1 0 0 0 1 0 0 0 0 0 0 0 0 1 0 0
sp61 0 0 0 0 0 0 0 0 1 0 0 0 0 0 1 0 0 0 1 1 0 0 1 0 0 0 0 0 0 0
sp62 0 1 1 0 0 0 0 0 0 0 0 1 0 0 1 0 0 0 0 0 0 0 0 0 0 0 0 0 0 0
sp63 0 0 0 0 0 0 0 1 0 0 0 0 0 0 0 0 0 0 1 1 1 0 0 0 0 0 0 0 0 0
sp64 1 0 0 1 0 0 0 0 1 0 1 0 1 1 0 0 1 0 0 0 1 0 1 0 0 0 0 1 0 0
sp65 0 0 0 0 0 0 0 0 0 0 0 1 0 1 0 0 0 0 0 0 0 0 1 0 1 0 0 0 0 0
sp66 1 1 0 0 0 0 0 0 0 1 0 0 0 0 0 0 0 0 0 0 0 0 0 0 0 0 0 0 1 0
sp67 1 0 0 0 0 1 1 0 0 0 0 0 0 0 1 0 0 0 0 1 0 0 0 0 0 1 0 0 0 0
sp68 0 1 1 0 0 0 0 0 0 0 1 0 0 0 0 0 0 0 0 0 0 0 0 0 0 0 0 0 1 0
sp69 0 1 1 0 0 0 0 0 0 0 0 0 1 0 0 0 1 0 0 0 0 0 0 0 0 0 0 0 0 0
sp70 0 0 0 1 1 0 0 0 0 0 0 1 0 0 0 0 0 0 0 0 0 1 0 0 0 0 0 0 0 1
sp71 1 0 0 0 1 1 0 0 0 1 0 0 0 1 0 0 0 0 0 0 1 1 1 0 0 0 0 0 0 0
sp72 0 0 0 0 0 0 0 0 0 0 0 0 0 0 0 0 1 0 0 0 0 1 1 0 0 1 0 0 0 0
sp73 0 0 1 0 0 0 0 0 0 0 0 0 0 0 0 0 0 1 0 0 0 0 0 0 0 1 1 0 0 0
sp74 0 0 1 0 0 0 0 0 0 0 0 0 0 0 0 1 0 0 1 0 1 1 0 0 0 0 1 1 0 0
sp75 0 1 0 0 0 0 1 0 0 0 1 0 0 0 0 0 0 1 0 0 0 0 0 1 1 0 0 0 0 1
sp76 1 0 0 0 0 1 0 0 0 0 0 0 0 0 0 0 1 0 0 0 1 0 0 0 1 1 1 0 0 0
sp77 0 0 0 1 0 0 0 0 0 0 0 1 0 0 0 0 0 0 0 0 1 0 0 0 0 1 0 0 0 0
sp78 0 0 0 0 0 0 0 0 1 0 0 0 0 0 1 0 0 0 1 0 0 0 0 0 0 0 0 0 0 0
sp79 0 1 0 1 0 1 1 0 0 0 1 0 0 0 0 0 0 0 0 0 0 0 0 0 0 0 1 0 0 0
sp80 0 0 0 0 0 0 0 0 1 0 1 1 0 0 0 0 0 1 1 0 0 1 0 0 0 0 0 0 0 0
sp81 0 0 0 0 0 0 1 0 0 0 0 0 1 1 0 0 1 0 0 0 1 0 0 0 0 1 0 0 0 0
sp82 0 0 0 1 0 0 0 0 0 0 1 0 0 0 1 0 0 0 1 0 1 0 0 0 0 0 0 0 0 0
sp83 0 0 0 0 0 0 1 0 0 0 0 0 0 0 0 0 1 0 1 0 1 1 1 0 0 0 0 0 0 1
sp84 0 0 0 0 1 0 0 0 0 1 0 0 0 0 0 0 0 0 0 1 0 0 0 1 0 1 0 0 0 0
sp85 0 0 1 1 0 1 0 1 1 0 1 0 0 0 0 0 0 0 0 0 0 1 0 1 0 0 0 0 0 0
sp86 0 1 0 0 1 0 0 1 1 0 0 0 1 0 0 1 0 0 0 0 0 0 0 0 0 0 1 0 0 0
sp87 0 1 1 0 0 0 0 0 0 0 0 1 0 0 1 1 0 0 0 0 0 0 0 0 0 1 0 0 1 1
sp88 0 0 0 1 0 0 0 0 0 1 0 0 0 0 0 0 0 0 0 0 0 0 0 0 1 0 0 1 0 1
sp89 0 0 0 0 0 0 1 0 0 0 0 0 0 0 1 0 0 0 0 0 0 0 0 0 0 0 1 0 0 1
sp90 1 0 0 0 0 0 1 0 0 0 1 0 1 0 0 0 0 0 0 0 0 0 1 0 0 0 0 0 0 1
sp91 0 0 0 0 0 0 0 0 0 0 0 0 0 1 1 0 0 1 0 1 0 0 0 0 1 1 0 0 0 0
sp92 0 1 0 1 0 0 0 0 0 0 0 0 0 0 0 0 1 0 0 0 1 0 0 0 0 0 0 0 1 0
sp93 1 1 0 1 0 0 1 0 0 1 0 0 1 0 0 0 0 0 0 0 0 0 0 1 0 0 1 0 0 0
sp94 0 0 0 0 0 0 0 0 1 0 0 0 0 1 0 0 0 0 0 0 0 0 0 0 0 0 0 0 0 0
sp95 0 0 0 0 1 1 0 1 0 0 0 0 0 0 1 1 1 0 0 0 0 0 0 1 0 0 0 0 0 0
sp96 0 0 0 0 0 0 0 0 0 0 0 0 0 0 0 0 0 0 1 0 0 0 0 0 0 0 0 0 0 0
sp97 0 0 0 0 0 0 0 0 0 0 0 0 0 0 0 0 0 0 0 0 0 0 0 0 0 0 0 0 0 1
sp98 0 0 0 0 0 0 0 0 0 0 0 0 0 0 0 0 0 0 0 0 1 0 0 0 0 0 0 0 0 0
sp99 0 0 0 0 0 0 0 0 0 0 0 0 0 0 0 0 0 0 0 0 0 1 0 0 0 0 0 0 0 0
sp100 0 0 0 0 0 0 0 0 0 0 0 0 0 0 0 0 0 0 0 0 0 1 0 0 0 0 0 0 0 0
