100 30
sp1 1 1 1 1 1 1 1 0 1 0 0 1 1 1 0 1 1 1 1 1 0 0 1 0 1 1 0 0 1 1
sp2 1 1 1 1 0 1 1 1 0 1 1 1 1 1 1 0 0 0 1 0 1 0 1 1 1 1 1 0 0 1
sp3 1 1 1 1 0 1 1 1 1 1 1 1 1 1 1 1 1 1 1 0 0 0 0 0 1 0 1 0 1 0
sp4 1 1 1 1 1 1 1 1 0 1 1 1 0 0 0 0 1 1 1 1 0 1 1 1 1 0 0 0 1 1
sp5 1 1 1 1 1 1 1 1 1 1 1 1 1 1 1 0 0 0 0 0 1 0 1 0 1 1 0 1 1 0
sp6 1 1 1 1 1 1 1 0 1 1 1 1 1 1 1 0 1 1 0 1 0 1 1 0 0 1 1 0 0 0
sp7 1 1 1 1 1 1 1 1 1 1 1 1 0 1 1 0 0 1 0 0 1 0 0 1 0 1 1 1 1 0
sp8 1 1 1 1 1 1 1 1 1 0 1 0 1 1 0 0 1 1 1 1 0 0 1 0 1 1 1 1 0 0
sp9 0 1 1 1 1 1 1 1 1 1 1 1 1 1 0 0 0 1 1 1 1 0 1 1 1 1 0 0 0 0
sp10 1 1 1 1 1 1 1 1 1 1 1 1 1 1 0 1 1 1 1 0 0 1 0 0 1 0 1 0 0 0
sp11 1 1 1 0 1 1 1 1 0 1 1 1 1 1 1 1 1 1 0 0 1 0 1 0 1 0 1 0 1 0
sp12 1 1 1 0 1 0 1 1 1 1 1 1 1 1 1 1 0 0 1 1 0 0 1 1 1 1 1 0 0 0
sp13 1 1 1 1 0 1 1 1 1 1 1 1 1 1 1 0 0 1 1 0 1 0 1 0 0 0 1 0 1 1
sp14 1 1 1 1 1 0 1 1 1 1 1 1 1 1 1 1 1 0 1 0 0 1 0 0 1 0 0 1 0 1
sp15 1 1 1 1 1 1 1 1 0 0 1 1 1 1 1 1 0 1 1 1 1 0 1 1 0 0 0 0 1 0
sp16 1 1 1 0 1 1 0 1 1 1 1 1 0 1 1 1 0 1 1 0 1 1 0 0 0 0 1 1 1 1
sp17 1 1 1 1 1 0 0 0 1 1 1 1 1 1 1 1 1 1 1 1 1 0 0 1 0 1 0 0 0 1
sp18 1 1 1 1 1 1 1 1 1 1 1 1 1 1 1 0 0 0 0 1 1 1 0 1 1 1 0 0 0 0
sp19 1 1 1 0 1 1 0 0 1 0 0 1 1 1 1 1 0 1 0 1 1 1 1 1 1 0 1 0 1 1
sp20 0 0 1 1 1 1 1 0 1 1 1 1 1 0 0 0 1 1 0 1 0 1 1 1 1 1 1 0 1 1
sp21 1 1 1 1 1 1 1 1 1 0 0 1 1 1 1 0 1 1 0 0 0 1 0 1 0 1 1 0 1 1
sp22 1 1 1 0 1 1 1 1 1 1 0 1 1 1 0 0 1 1 0 1 1 0 1 0 1 1 0 0 1 1
sp23 1 1 1 1 0 1 1 1 1 1 0 1 1 1 1 0 0 0 0 0 0 1 1 1 1 1 1 1 1 0
sp24 1 1 1 1 1 1 0 1 1 1 1 1 1 1 1 1 1 1 0 1 0 0 0 1 0 0 1 0 0 1
sp25 1 1 1 1 0 0 1 1 1 1 0 1 1 1 1 1 1 1 1 0 1 1 1 0 0 1 1 0 0 0
sp26 1 1 1 1 1 0 1 1 1 1 0 1 1 0 1 0 1 1 1 1 0 1 1 0 0 0 1 0 1 1
sp27 1 1 1 0 1 1 1 1 1 1 1 1 1 1 1 0 0 1 1 0 0 1 0 0 0 0 1 1 1 1
sp28 1 1 1 1 1 1 0 1 1 1 1 1 1 0 1 1 0 0 0 1 1 1 0 1 0 1 1 0 0 1
sp29 1 1 1 1 1 0 1 1 1 1 0 1 1 1 1 1 0 1 1 0 1 0 1 0 0 0 1 0 1 1
sp30 1 1 1 1 1 1 1 1 1 1 1 1 1 1 0 1 0 0 0 0 0 1 1 0 0 1 1 0 1 1
sp31 1 1 1 0 0 1 0 1 1 1 1 1 1 1 1 0 1 0 1 1 0 0 1 1 0 0 1 1 1 1
sp32 1 1 1 1 1 1 1 1 1 1 0 1 0 1 1 1 0 0 0 0 0 0 1 0 1 1 1 1 1 1
sp33 1 1 1 1 1 1 1 1 1 0 1 1 1 1 1 1 0 1 0 0 1 0 1 1 1 0 1 0 0 0
sp34 1 1 1 1 0 1 1 0 0 0 1 1 1 1 1 1 1 0 1 1 0 1 1 1 1 1 0 0 0 1
sp35 1 1 1 1 1 1 1 0 0 1 1 1 1 1 0 1 0 1 0 1 1 1 0 1 1 0 1 0 1 0
sp36 1 1 1 1 1 1 1 0 1 1 1 1 0 1 0 1 0 0 1 1 0 1 1 1 0 1 1 0 0 1
sp37 1 1 1 1 1 1 1 1 1 0 1 1 1 1 1 0 1 0 1 1 0 0 1 0 1 0 0 1 1 0
sp38 1 0 1 1 1 1 1 1 1 0 1 1 1 1 1 1 0 1 1 0 0 1 0 0 1 1 0 0 1 1
sp39 1 1 0 1 1 1 1 1 1 0 0 1 1 1 1 1 1 1 1 0 1 1 0 0 0 0 1 0 1 1
sp40 1 1 1 0 1 1 1 1 0 0 1 1 1 1 1 1 1 1 1 1 0 1 0 0 0 0 1 0 1 1
sp41 1 1 1 1 1 0 1 1 1 1 1 1 1 1 1 0 1 1 1 1 1 0 0 0 0 1 0 0 0 1
sp42 1 1 1 1 1 0 0 1 0 1 1 1 1 0 1 0 1 0 1 1 1 0 1 0 1 1 1 1 0 1
sp43 1 1 1 1 1 1 1 1 1 1 1 0 1 1 1 0 0 1 1 0 1 0 1 1 0 0 0 1 0 1
sp44 1 1 1 1 1 1 1 1 1 1 0 1 1 1 1 1 1 1 0 1 0 0 0 0 1 0 1 0 1 0
sp45 1 1 0 1 1 1 1 1 1 1 1 1 1 0 1 1 1 1 1 0 0 0 0 1 1 1 1 0 0 0
sp46 1 1 1 1 0 1 1 1 0 1 0 1 1 0 1 0 1 0 0 1 1 1 1 0 1 1 1 0 1 1
sp47 1 1 1 1 1 0 0 1 1 1 1 0 1 1 1 1 1 1 0 0 1 1 1 1 0 0 0 1 0 1
sp48 1 1 0 1 1 1 0 1 1 1 1 1 0 1 1 0 1 1 1 0 0 0 1 0 1 0 1 1 1 1
sp49 1 1 1 1 1 1 0 1 0 1 1 0 1 1 1 0 0 1 1 1 0 0 1 1 0 1 1 0 1 1
sp50 1 1 1 1 1 1 1 1 1 0 1 1 1 1 0 1 1 0 0 1 1 0 1 0 0 1 0 1 0 1
sp51 1 1 1 1 1 1 1 1 0 1 1 1 1 1 1 0 1 0 1 1 1 1 1 0 0 0 0 0 0 1
sp52 1 1 1 1 0 1 1 1 1 1 1 1 1 1 1 1 0 1 0 0 0 0 1 1 0 1 1 1 0 0
sp53 0 1 1 1 1 1 0 1 1 1 0 1 1 1 1 1 0 1 1 0 0 1 1 0 1 0 1 1 0 1
sp54 1 1 1 0 0 1 1 1 1 1 1 1 1 1 1 0 0 0 0 0 1 1 1 1 1 0 1 1 0 1
sp55 1 1 1 1 1 1 0 0 1 1 1 0 0 1 1 0 1 1 1 1 1 0 1 1 0 1 0 0 1 1
sp56 1 1 0 1 1 1 1 1 1 0 1 1 1 0 1 1 1 1 0 1 1 0 1 1 0 1 0 0 1 0
sp57 1 1 1 1 0 0 1 1 1 1 1 1 1 1 1 1 0 1 1 1 1 0 1 1 0 0 1 0 0 0
sp58 1 1 1 1 1 1 1 0 1 1 1 1 1 0 0 0 1 0 0 0 1 1 1 1 1 1 1 1 0 0
sp59 1 1 1 1 1 1 1 1 1 1 1 1 1 1 0 1 1 1 0 1 0 0 0 0 0 0 0 1 1 1
sp60 1 1 1 1 0 1 0 1 1 1 1 0 1 1 1 0 1 1 0 1 1 1 0 0 1 1 0 1 0 1
sp61 1 1 1 1 1 0 1 0 1 1 1 1 1 1 1 1 1 0 0 0 0 1 1 0 1 1 0 1 0 1
sp62 1 1 1 1 1 0 1 1 1 0 1 1 1 0 1 1 1 1 1 1 1 0 1 0 0 1 0 1 0 0
sp63 1 1 1 1 1 1 1 0 1 1 1 1 1 1 0 0 1 0 1 0 1 0 1 1 0 0 1 0 1 1
sp64 1 1 1 0 1 1 1 1 1 1 0 1 0 1 1 0 1 1 1 0 0 0 1 1 1 1 1 0 1 0
sp65 1 1 1 1 1 1 1 1 0 1 1 1 1 1 1 1 0 0 1 0 0 0 1 0 1 1 1 0 1 0
sp66 1 1 1 1 1 0 1 1 1 1 1 1 1 1 1 0 1 1 0 1 1 0 1 0 0 0 1 1 0 0
sp67 0 1 1 1 0 1 1 1 1 1 1 1 0 1 1 1 0 0 1 1 1 1 1 1 0 0 1 0 0 1
sp68 1 1 1 1 1 1 1 1 1 1 0 1 1 1 0 0 0 0 1 1 1 0 1 1 1 1 0 0 1 0
sp69 1 1 1 1 1 1 1 1 0 1 1 1 1 1 1 1 0 1 0 1 0 0 0 1 1 0 0 1 0 1
sp70 1 1 0 1 1 1 1 0 1 1 1 1 1 1 0 1 0 0 1 0 1 1 0 1 1 1 1 0 0 1
sp71 1 1 0 1 1 0 1 1 1 1 1 1 1 1 0 0 0 1 1 1 1 1 0 0 1 1 0 0 1 1
sp72 0 1 1 0 0 1 1 1 1 1 1 0 0 1 0 1 1 1 1 1 1 0 1 1 1 1 0 1 1 0
sp73 1 1 1 1 1 1 1 1 1 1 1 0 1 0 1 1 0 0 0 0 1 0 1 1 0 1 1 1 0 1
sp74 1 1 1 1 1 1 0 0 1 1 1 1 0 1 1 0 1 1 1 0 0 0 1 1 1 1 1 0 0 1
sp75 1 1 0 1 1 1 1 1 1 1 1 1 1 1 1 1 0 1 0 0 0 1 0 1 1 0 0 1 0 1
sp76 1 1 1 0 1 1 1 1 1 1 1 0 1 1 1 1 1 0 1 1 0 1 0 0 1 1 1 0 0 0
sp77 1 1 1 1 1 1 1 0 1 0 1 1 1 0 1 0 1 1 1 1 0 1 1 1 1 0 0 0 1 0
sp78 1 1 0 1 1 1 1 0 0 1 1 1 0 1 0 1 1 0 1 1 1 0 1 1 1 0 1 0 1 1
sp79 1 1 1 1 1 1 1 1 1 1 1 1 1 1 1 0 0 1 1 1 1 0 0 1 0 0 0 0 0 1
sp80 1 1 1 1 1 1 1 1 1 1 0 1 1 1 1 0 1 0 0 0 1 1 1 0 0 1 0 1 0 1
sp81 0 1 1 1 1 1 1 1 1 1 1 1 1 1 1 0 0 1 0 0 0 0 1 1 0 1 0 1 1 1
sp82 1 0 1 1 1 1 0 1 1 1 0 1 1 1 0 1 1 1 1 0 1 0 1 0 0 1 1 0 1 1
sp83 1 1 1 1 1 1 1 0 1 1 1 1 1 1 1 1 0 0 0 1 1 1 1 0 0 1 1 0 0 0
sp84 1 1 1 1 1 1 1 1 1 0 1 0 1 1 0 1 0 1 0 1 1 0 1 0 1 1 0 1 1 0
sp85 1 1 1 1 0 0 1 1 1 1 1 1 1 1 1 1 1 1 1 0 0 1 1 0 0 0 0 1 0 1
sp86 1 1 1 1 0 1 1 1 1 1 1 0 0 0 1 0 0 1 1 1 0 1 1 1 1 0 0 1 1 1
sp87 1 1 1 0 0 1 1 1 1 1 1 1 1 1 1 1 1 0 0 0 1 1 1 0 0 1 1 1 0 0
sp88 1 1 1 1 0 1 0 0 1 1 1 1 0 1 1 1 1 1 0 1 0 1 0 1 1 1 0 1 0 1
sp89 1 1 1 1 1 1 1 0 1 1 1 1 1 1 0 0 1 0 0 0 1 1 1 1 1 0 0 0 1 1
sp90 1 1 1 1 1 0 1 0 1 1 1 1 1 1 1 0 1 0 1 1 1 1 1 0 0 1 0 1 0 0
sp91 1 1 1 1 1 1 0 1 1 1 1 0 1 1 1 1 1 1 1 1 0 0 0 0 1 1 0 0 0 1
sp92 1 0 1 1 1 1 1 1 1 1 1 1 1 1 0 1 1 0 1 0 0 0 0 1 0 1 1 0 1 1
sp93 0 1 1 1 0 1 1 1 1 0 1 0 1 1 1 0 1 0 1 1 0 1 1 1 1 0 1 0 1 1
sp94 1 1 1 0 1 1 1 1 0 1 1 1 1 1 1 0 0 1 1 1 0 0 1 1 1 0 1 1 0 0
sp95 1 1 0 0 1 0 1 1 1 1 1 1 0 1 1 1 0 1 1 1 1 0 0 1 0 1 0 1 1 1
sp96 1 1 1 1 1 1 0 1 1 1 1 1 1 1 1 1 1 0 0 0 1 0 1 1 1 0 0 0 1 0
sp97 1 1 1 1 1 1 1 1 0 1 1 1 1 1 0 1 0 0 0 0 1 1 1 0 0 0 1 1 1 1
sp98 1 1 0 1 1 1 1 1 1 1 0 0 1 1 0 0 1 0 1 1 1 0 1 0 1 1 1 0 1 1
sp99 1 1 1 0 1 1 1 1 1 1 1 1 1 1 1 0 0 1 1 1 0 1 0 1 0 0 1 0 0 1
sp100 1 1 1 1 0 1 0 1 1 1 1 1 1 1 1 1 1 1 1 1 1 1 0 0 0 0 0 0 1 0
