100 10
sp1 0 1 1 1 1 1 1 0 1 1
sp2 0 1 1 1 0 1 1 1 1 0
sp3 1 1 1 1 0 1 1 0 1 1
sp4 1 0 1 1 0 1 0 1 1 1
sp5 1 1 1 1 1 1 0 0 1 1
sp6 0 1 1 1 1 1 1 1 1 0
sp7 1 1 1 1 1 1 1 0 0 0
sp8 1 1 1 1 1 0 0 1 1 1
sp9 1 1 0 1 1 1 1 1 0 1
sp10 1 0 1 1 0 1 0 1 0 1
sp11 1 0 1 0 1 0 1 1 1 0
sp12 0 1 1 0 0 1 0 1 0 1
sp13 0 1 0 0 1 0 0 1 1 1
sp14 1 0 0 1 0 0 0 0 0 1
sp15 1 1 1 0 1 0 1 0 1 1
sp16 1 0 1 0 1 0 1 1 1 1
sp17 0 0 1 0 1 0 0 1 1 0
sp18 0 0 0 1 0 0 0 1 1 0
sp19 0 1 1 0 1 1 0 0 1 1
sp20 1 1 0 1 1 0 1 1 1 0
sp21 0 1 1 1 0 1 0 0 1 1
sp22 0 1 0 1 0 1 1 1 0 0
sp23 1 0 0 0 1 0 1 1 0 0
sp24 1 0 1 1 1 1 0 1 0 0
sp25 1 1 1 1 0 0 1 1 0 1
sp26 1 1 0 0 0 1 1 1 0 0
sp27 1 1 0 1 0 0 1 0 1 0
sp28 1 1 0 0 1 1 1 0 1 0
sp29 1 0 1 0 0 0 1 1 0 1
sp30 1 0 1 0 1 1 1 1 0 1
sp31 1 0 1 0 1 0 1 0 1 0
sp32 0 1 1 1 1 1 1 0 0 1
sp33 0 1 1 1 0 0 1 0 0 1
sp34 0 0 1 1 1 0 0 1 1 0
sp35 1 1 0 0 1 1 1 1 1 1
sp36 1 0 1 1 1 1 0 1 1 0
sp37 0 1 1 1 1 0 1 0 1 1
sp38 1 1 1 0 1 0 1 0 0 1
sp39 1 0 1 1 0 1 1 1 0 1
sp40 0 1 0 1 0 1 1 0 1 1
sp41 1 1 1 0 0 0 1 1 1 1
sp42 1 1 1 1 0 1 0 0 1 1
sp43 1 1 1 0 0 1 0 1 1 1
sp44 1 0 1 0 1 1 0 1 0 1
sp45 0 0 1 0 0 1 1 1 1 0
sp46 1 1 0 0 1 1 0 1 1 1
sp47 1 1 0 1 0 0 1 1 1 0
sp48 1 0 0 0 1 1 1 1 0 1
sp49 1 1 0 1 0 1 0 0 1 1
sp50 0 0 1 1 1 1 1 1 1 0
sp51 1 0 0 0 0 0 0 0 0 1
sp52 1 0 0 1 1 1 0 0 1 1
sp53 1 1 0 0 0 0 1 0 1 1
sp54 1 0 0 1 0 1 1 1 0 0
sp55 0 0 0 0 1 1 1 0 0 1
sp56 0 0 0 0 1 1 0 0 0 0
sp57 0 1 1 1 0 0 0 0 0 0
sp58 0 1 0 1 1 1 1 1 0 0
sp59 1 1 1 0 1 1 1 1 0 0
sp60 0 1 0 1 1 1 0 1 1 0
sp61 1 1 0 0 0 0 1 1 0 1
sp62 0 1 0 0 0 0 0 1 1 0
sp63 0 1 1 0 0 1 0 0 1 0
sp64 0 0 1 1 1 0 1 0 0 1
sp65 0 1 0 1 0 0 1 0 0 0
sp66 0 1 1 1 0 1 0 0 0 0
sp67 0 0 1 1 1 0 1 0 1 0
sp68 1 1 0 1 1 1 0 1 1 0
sp69 0 1 1 0 0 0 0 1 1 0
sp70 0 0 1 1 0 1 0 0 0 1
sp71 0 0 0 0 1 1 1 1 0 0
sp72 0 0 1 0 1 0 1 0 1 0
sp73 1 0 0 0 0 1 0 0 1 1
sp74 0 0 0 0 1 0 0 0 0 1
sp75 0 1 0 1 0 0 1 0 0 0
sp76 0 0 0 0 0 0 0 0 1 1
sp77 1 0 0 0 0 1 1 0 0 0
sp78 1 1 1 0 1 1 1 1 0 0
sp79 1 0 1 1 0 0 0 0 0 1
sp80 1 0 1 0 1 0 0 0 0 0
sp81 0 0 0 1 0 1 1 0 1 1
sp82 1 1 1 1 1 0 0 1 0 0
sp83 0 0 0 0 0 0 0 1 0 1
sp84 0 0 0 0 1 1 0 1 0 0
sp85 0 0 0 0 0 0 0 1 0 1
sp86 1 0 0 0 0 0 0 0 0 1
sp87 0 0 1 0 0 0 0 0 1 0
sp88 0 0 0 1 1 0 0 0 0 0
sp89 1 0 0 1 0 0 0 0 1 0
sp90 0 0 0 0 0 1 0 0 0 1
sp91 0 1 0 1 1 0 0 0 0 0
sp92 0 0 0 1 0 0 0 0 1 0
sp93 0 0 0 0 1 0 1 1 0 1
sp94 1 0 0 0 0 1 0 1 0 0
sp95 0 1 0 0 0 0 1 0 0 1
sp96 0 1 1 0 1 0 0 1 1 0
sp97 0 1 0 1 0 1 1 1 0 0
sp98 0 0 0 0 1 0 0 0 1 0
sp99 1 0 0 0 0 0 0 0 0 1
sp100 0 0 1 1 1 0 1 0 1 0
