100 30
sp1 1 1 0 1 0 0 1 1 1 0 0 1 1 1 0 0 1 0 1 1 1 1 0 0 0 1 0 0 0 0
sp2 0 0 0 1 1 1 1 1 1 1 0 0 0 1 0 0 0 0 1 1 1 0 0 0 1 0 1 0 1 1
sp3 1 1 0 0 0 1 1 0 0 0 1 1 0 1 0 0 1 1 0 1 0 1 0 0 1 0 1 0 1 1
sp4 0 0 0 0 0 1 0 1 0 1 1 0 1 0 1 0 1 1 1 1 1 0 1 1 0 0 0 1 1 0
sp5 1 0 1 0 1 1 1 0 0 1 0 0 0 1 1 1 1 0 1 0 1 1 0 0 0 1 0 1 0 0
sp6 1 1 1 0 0 0 0 1 1 0 1 1 1 1 1 0 1 0 0 0 0 1 0 0 1 0 0 0 1 1
sp7 0 0 1 1 0 1 0 1 1 0 0 1 0 1 0 1 1 0 0 1 1 0 0 0 0 1 1 0 1 1
sp8 0 1 1 1 1 0 1 1 1 0 1 1 0 0 0 1 0 1 0 0 0 0 0 1 0 0 1 1 1 0
sp9 1 0 1 1 1 1 0 0 0 0 1 0 0 1 0 0 1 0 0 1 0 1 1 1 1 0 0 1 1 0
sp10 1 1 1 0 1 1 0 0 1 0 0 0 1 1 0 1 1 0 0 1 1 1 1 0 1 0 0 0 0 0
sp11 0 0 1 1 0 1 0 0 1 1 0 1 0 0 0 0 0 0 1 0 1 1 1 0 1 1 1 0 1 1
sp12 0 0 1 0 0 0 1 1 1 1 0 1 0 0 0 0 1 0 0 0 1 1 1 1 0 1 1 1 1 0
sp13 1 1 0 1 0 0 0 0 0 0 1 1 1 0 0 1 1 1 0 0 1 1 0 0 0 0 1 1 1 1
sp14 0 1 0 0 0 0 1 0 0 1 1 1 1 1 1 0 1 1 0 1 0 1 1 0 0 0 0 1 1 0
sp15 1 0 0 1 0 0 1 0 0 1 1 1 1 1 1 1 0 0 0 1 0 0 0 1 0 0 1 1 0 1
sp16 1 0 0 0 0 1 0 1 1 0 0 1 1 0 1 1 1 0 1 0 1 0 1 1 0 1 1 0 0 0
sp17 0 1 0 1 0 0 1 1 1 0 0 0 1 0 1 1 1 1 0 1 0 0 1 1 0 0 1 0 1 0
sp18 0 1 0 1 1 0 1 0 0 1 0 0 0 0 1 0 1 1 1 1 1 0 1 1 0 0 1 1 0 0
sp19 0 0 0 0 0 1 1 1 0 0 1 0 1 0 0 1 1 1 1 1 0 0 1 0 1 0 1 1 1 0
sp20 1 1 0 0 1 0 1 1 1 1 0 1 1 0 0 0 0 0 0 0 0 1 1 1 1 0 1 0 1 0
sp21 1 1 0 1 1 1 0 1 0 1 0 0 1 1 0 0 0 0 1 0 0 1 0 1 0 1 1 0 1 0
sp22 0 0 0 1 1 1 0 0 0 0 0 1 1 0 1 1 0 0 0 1 1 1 1 1 1 0 1 1 0 0
sp23 0 0 0 1 1 0 0 0 1 1 0 1 1 0 1 1 1 0 1 1 0 1 0 0 1 1 0 0 0 1
sp24 1 1 1 1 1 1 1 0 0 0 1 1 1 0 1 0 0 0 1 1 0 0 0 1 0 0 1 0 0 0
sp25 1 0 1 0 0 1 1 1 0 0 1 1 1 0 0 0 1 0 1 0 1 0 0 1 1 0 1 0 1 0
sp26 0 1 0 0 1 1 0 0 0 0 1 1 1 1 1 1 0 1 1 0 0 1 0 0 1 0 0 1 0 1
sp27 1 1 1 1 1 0 0 1 0 0 0 0 0 0 0 1 1 1 1 0 0 1 1 0 1 0 0 1 1 0
sp28 0 1 0 1 1 1 0 1 1 0 1 0 0 0 1 0 0 1 1 0 0 1 1 1 0 0 1 0 0 1
sp29 0 0 1 1 0 1 1 0 0 1 1 0 0 0 1 0 1 1 0 0 0 0 1 1 0 0 1 1 1 1
sp30 1 0 1 1 0 0 0 1 1 1 1 0 1 0 1 0 1 1 1 0 0 0 0 0 1 0 1 1 0 0
sp31 0 0 0 0 1 0 0 1 0 1 1 0 0 0 0 1 1 1 0 1 1 1 1 0 1 1 0 1 0 1
sp32 0 0 1 1 1 0 1 0 1 0 1 0 0 1 0 0 0 1 1 1 0 1 1 1 0 0 1 0 0 1
sp33 1 1 0 1 1 0 1 0 1 1 0 0 1 1 1 0 1 0 0 0 1 0 0 0 0 1 1 0 1 0
sp34 0 0 0 1 1 1 0 1 0 1 1 1 1 1 0 0 1 0 0 1 0 0 1 0 0 1 1 0 0 1
sp35 0 1 1 1 0 0 0 1 1 0 1 1 0 0 1 1 0 0 0 0 0 1 0 0 1 1 0 1 1 1
sp36 1 1 0 1 1 1 1 0 0 1 1 1 0 0 0 0 1 0 0 0 1 0 1 0 0 0 1 1 0 1
sp37 1 0 0 0 0 1 0 1 0 0 1 1 0 1 1 0 0 0 1 1 1 0 1 0 1 0 1 1 1 0
sp38 0 1 1 0 1 0 0 0 1 0 1 0 1 1 1 0 1 0 1 1 1 0 0 1 0 0 1 0 0 1
sp39 1 0 0 1 1 1 0 0 0 1 1 0 1 1 0 0 0 0 1 0 1 0 1 1 1 0 0 0 1 1
sp40 1 1 1 1 0 1 0 1 1 1 0 0 0 0 0 1 0 0 0 1 0 1 1 1 0 1 0 0 1 0
sp41 0 1 1 0 1 0 0 0 1 0 0 1 0 1 0 1 0 1 1 0 1 0 0 1 1 0 1 0 1 1
sp42 0 0 1 0 1 1 0 0 0 1 1 0 1 1 0 1 0 0 1 0 1 0 0 1 0 1 1 1 1 0
sp43 0 0 1 1 0 1 1 1 1 0 1 0 1 0 0 0 0 1 1 1 0 1 1 0 1 0 0 1 0 0
sp44 1 1 1 1 0 0 1 0 1 1 0 0 0 0 0 0 1 1 0 0 1 1 0 1 1 0 1 0 1 0
sp45 0 0 1 0 0 1 1 0 1 1 0 0 0 1 0 0 0 1 1 1 1 1 1 0 1 0 1 0 1 0
sp46 1 1 0 0 1 0 0 1 1 1 1 1 0 0 1 0 0 0 0 0 0 1 1 0 1 1 0 1 1 0
sp47 0 0 0 0 1 1 1 1 0 0 1 1 1 1 1 1 0 0 1 1 1 1 0 1 0 0 0 0 0 0
sp48 1 0 0 0 1 1 0 0 1 1 0 0 0 1 1 0 0 1 0 1 1 1 0 1 1 0 0 1 0 1
sp49 0 0 1 1 0 0 1 1 0 0 0 1 0 0 0 0 0 1 0 1 0 1 1 1 0 1 1 1 1 1
sp50 0 0 1 0 1 0 0 0 1 0 0 1 1 1 1 0 1 1 1 0 1 0 0 1 1 0 1 0 1 0
sp51 1 0 0 0 1 1 1 0 1 0 0 0 0 1 1 1 0 1 0 0 0 1 0 1 0 0 1 1 1 1
sp52 1 1 1 1 0 1 1 0 0 0 1 0 1 1 0 1 1 1 0 0 0 0 1 1 1 0 0 0 0 0
sp53 0 1 1 0 0 0 1 0 0 1 1 0 1 0 1 0 0 1 1 0 0 1 1 0 0 1 0 1 1 1
sp54 1 1 1 1 1 1 0 0 1 0 1 0 0 0 0 1 0 1 0 1 0 1 0 1 0 1 0 0 0 1
sp55 0 0 1 0 0 1 0 1 0 0 1 1 1 0 1 0 1 0 1 1 0 0 0 1 1 1 1 0 1 0
sp56 1 0 0 1 1 0 0 1 0 0 0 0 1 0 1 0 0 0 1 1 1 0 0 1 0 1 1 1 1 1
sp57 1 1 0 1 0 0 1 0 0 1 0 1 1 0 0 0 1 1 1 1 1 0 0 1 1 0 0 0 1 0
sp58 0 0 1 0 1 1 0 0 1 1 1 0 0 0 0 1 0 0 1 1 0 0 0 1 1 0 1 1 1 1
sp59 0 1 1 0 1 1 1 0 1 1 0 1 0 0 0 0 0 0 0 1 1 1 0 1 0 0 1 1 1 0
sp60 1 0 0 1 0 1 1 0 1 0 1 0 0 1 0 0 0 1 0 0 1 1 0 0 1 0 1 1 1 1
sp61 1 1 1 0 0 0 1 0 0 1 0 0 1 1 0 0 0 1 1 1 1 1 0 0 0 0 1 0 1 1
sp62 0 1 0 0 1 1 0 0 1 1 1 1 0 1 1 0 0 1 1 0 1 1 1 0 0 1 0 0 0 0
sp63 0 0 1 1 1 0 1 1 1 0 0 0 0 1 0 0 1 0 1 0 0 1 0 1 1 1 0 0 1 1
sp64 1 1 1 1 1 0 1 0 0 1 0 1 1 0 0 0 1 0 1 0 0 0 1 0 1 1 0 0 0 1
sp65 0 0 0 1 0 0 0 1 1 1 0 0 1 1 0 0 0 0 1 1 0 1 1 0 1 1 1 0 1 1
sp66 0 0 1 1 0 0 0 1 0 0 1 1 1 0 1 0 1 1 0 1 0 0 1 0 1 1 0 0 1 1
sp67 1 0 0 1 1 0 1 0 1 1 0 0 0 0 1 1 0 0 1 0 0 1 0 1 0 1 0 1 1 1
sp68 0 1 1 0 1 0 0 1 0 1 1 1 0 1 1 0 0 0 1 0 1 1 0 1 1 0 0 0 0 1
sp69 1 1 1 0 1 0 1 0 0 0 1 0 1 0 1 0 1 1 0 0 1 1 1 0 1 1 0 0 0 0
sp70 0 1 0 1 0 1 1 1 1 1 0 1 0 0 0 1 1 0 1 0 0 0 0 1 1 0 1 0 0 1
sp71 0 0 1 0 1 0 0 0 1 1 1 1 1 0 0 0 1 1 0 1 1 0 0 1 0 1 1 0 0 1
sp72 1 1 1 0 1 0 0 0 1 1 1 0 0 1 0 0 0 0 1 0 1 1 0 1 1 1 0 0 1 0
sp73 1 1 0 0 1 0 1 0 1 0 0 1 0 0 1 0 0 0 1 1 1 0 1 1 1 0 1 0 0 1
sp74 0 0 1 1 1 1 0 1 1 1 0 0 1 0 0 0 1 0 0 1 0 1 0 1 0 0 1 1 1 0
sp75 0 1 1 1 0 1 1 1 1 1 0 1 0 0 1 1 0 1 1 0 0 0 0 0 0 0 0 1 1 0
sp76 1 1 1 1 0 1 0 0 1 1 1 0 1 0 1 1 0 0 0 0 1 1 0 0 0 0 1 0 1 0
sp77 1 1 0 0 1 1 1 1 0 1 0 1 0 1 0 1 0 0 0 0 1 1 0 0 0 0 1 1 1 0
sp78 1 1 0 1 0 1 0 0 0 1 1 0 1 1 0 1 1 1 0 0 0 1 0 0 1 0 1 0 0 1
sp79 0 0 0 0 0 1 1 1 1 1 1 1 0 1 0 1 1 0 0 1 0 1 0 0 0 1 1 1 0 0
sp80 0 1 1 0 1 0 1 1 1 1 1 1 1 0 1 0 1 0 0 0 1 0 0 1 0 1 0 0 0 0
sp81 0 1 1 1 0 0 1 0 1 0 0 1 0 0 0 1 1 1 1 0 1 1 1 1 1 0 0 0 0 0
sp82 1 0 1 0 0 0 0 0 1 1 0 1 1 1 1 1 0 0 0 0 1 1 0 1 0 0 0 1 1 1
sp83 0 1 0 1 0 1 1 0 1 1 1 0 0 0 0 0 1 0 0 0 0 1 0 1 1 1 1 0 1 1
sp84 0 0 1 1 1 1 1 1 0 0 1 0 0 1 0 0 1 0 0 0 1 1 1 1 1 0 0 0 1 0
sp85 1 1 0 1 0 0 0 0 1 1 0 1 1 0 1 1 0 0 0 0 1 1 1 0 0 1 0 1 1 0
sp86 1 1 0 0 0 0 0 0 0 1 1 1 1 1 1 0 1 0 1 0 1 1 0 0 0 0 1 1 0 1
sp87 1 0 0 1 0 0 1 1 0 1 1 1 1 1 1 1 1 0 0 0 1 0 0 1 0 0 0 1 0 0
sp88 0 0 1 0 1 1 0 1 0 1 1 1 0 0 0 1 1 0 1 0 0 0 0 1 1 1 1 1 0 0
sp89 1 1 1 0 1 0 1 1 1 0 0 0 0 1 0 1 0 1 1 0 1 0 0 0 0 0 1 1 1 0
sp90 1 1 1 1 1 1 1 0 0 0 0 0 0 0 1 1 1 0 1 1 1 0 0 0 1 1 0 0 0 0
sp91 0 1 0 1 1 0 1 1 1 1 1 0 0 0 1 1 0 1 0 0 0 0 1 0 0 0 0 1 1 1
sp92 0 0 0 0 0 1 0 1 1 0 1 1 0 1 0 1 0 1 0 0 1 1 1 0 1 1 0 1 0 1
sp93 0 0 1 0 1 0 0 0 1 0 1 0 1 1 1 0 1 0 1 0 0 1 1 1 1 1 0 0 1 0
sp94 1 1 1 0 1 1 0 1 0 1 0 1 0 0 0 1 0 1 0 0 0 0 1 0 1 1 0 1 0 1
sp95 1 1 0 1 0 1 0 1 1 0 0 1 0 0 1 0 0 0 1 1 1 1 0 1 0 1 0 1 0 0
sp96 1 1 1 1 0 1 0 0 0 1 1 1 1 0 0 0 1 0 1 1 0 0 0 0 1 0 1 0 1 0
sp97 0 1 1 0 0 1 0 1 1 1 0 0 0 0 0 1 0 1 1 0 1 1 1 0 0 1 0 1 1 0
sp98 1 1 1 0 1 1 1 0 1 1 1 0 1 1 0 1 1 0 0 0 0 0 0 0 0 1 1 0 0 0
sp99 1 1 1 0 0 0 0 1 0 0 0 1 1 1 0 0 1 1 1 0 0 1 1 0 0 1 1 1 0 0
sp100 0 1 0 1 0 1 1 0 0 0 0 1 1 0 1 0 0 0 1 1 0 0 1 0 1 1 1 0 1 1
