100 10
sp1 1 1 1 1 1 1 1 1 1 1
sp2 1 1 1 1 1 1 1 0 1 1
sp3 1 1 1 0 1 1 1 1 1 1
sp4 1 1 1 1 1 0 1 1 0 0
sp5 1 1 1 0 1 1 1 1 1 0
sp6 1 1 1 1 1 1 1 1 1 0
sp7 1 1 1 1 1 1 1 1 0 0
sp8 1 0 1 1 1 1 0 1 1 0
sp9 1 1 0 0 1 1 0 1 0 0
sp10 1 0 1 1 1 1 1 0 1 0
sp11 0 0 0 1 0 1 1 0 0 0
sp12 1 0 0 1 1 0 1 1 1 0
sp13 0 1 1 1 1 0 1 0 0 0
sp14 1 0 1 0 0 1 0 0 1 0
sp15 0 1 1 0 0 1 0 1 0 0
sp16 1 1 1 0 0 0 0 1 1 0
sp17 1 1 0 1 0 1 1 1 0 0
sp18 0 1 0 0 0 0 0 0 0 1
sp19 0 0 1 0 0 0 1 1 0 0
sp20 0 0 0 1 0 1 0 1 1 0
sp21 0 0 1 0 1 1 0 0 0 0
sp22 0 1 0 1 0 0 1 1 0 0
sp23 0 1 1 0 0 0 0 1 0 0
sp24 1 0 0 0 0 1 0 0 0 0
sp25 0 0 1 1 0 1 0 0 0 0
sp26 0 1 0 1 0 0 0 0 1 0
sp27 1 0 1 1 0 0 1 1 0 0
sp28 0 1 0 0 0 0 0 1 0 0
sp29 1 0 0 1 1 0 1 0 1 0
sp30 1 1 1 1 0 1 0 0 1 0
sp31 1 0 0 0 0 0 0 0 1 0
sp32 0 1 0 0 0 0 1 0 0 0
sp33 0 0 0 0 1 0 0 0 0 1
sp34 0 0 0 0 1 0 0 1 0 0
sp35 0 0 1 0 0 0 0 0 0 1
sp36 1 0 0 0 0 0 0 0 0 1
sp37 0 1 0 0 0 0 0 0 1 0
sp38 0 1 0 0 0 0 0 0 0 1
sp39 1 1 0 1 0 0 0 0 0 0
sp40 0 0 0 1 1 0 0 0 1 0
sp41 0 1 1 0 0 0 0 1 0 0
sp42 0 0 1 0 0 0 0 0 1 0
sp43 0 0 0 0 1 0 0 0 0 1
sp44 1 1 0 0 1 0 0 1 0 0
sp45 0 0 0 0 1 1 0 0 0 0
sp46 0 0 0 0 0 1 1 1 0 0
sp47 0 0 0 0 0 1 0 0 0 1
sp48 0 0 0 0 1 0 0 0 0 1
sp49 1 0 0 0 1 0 1 1 0 0
sp50 0 0 0 0 1 0 0 0 0 1
sp51 0 0 1 0 0 0 0 0 0 1
sp52 0 0 0 0 0 0 0 1 1 0
sp53 0 0 1 1 1 1 0 0 0 0
sp54 1 0 0 0 0 0 0 0 0 1
sp55 0 0 0 1 0 0 0 0 0 1
sp56 0 0 0 0 1 0 0 1 1 0
sp57 1 0 0 1 0 1 1 0 0 0
sp58 0 0 0 0 0 0 0 0 1 1
sp59 0 0 1 0 0 0 0 0 0 1
sp60 0 1 0 0 1 1 1 0 0 0
sp61 0 0 0 0 0 0 1 0 0 1
sp62 0 0 1 0 0 0 0 0 0 1
sp63 0 0 0 1 0 1 0 0 1 0
sp64 0 0 1 0 0 0 0 0 0 1
sp65 0 0 0 0 0 0 1 0 0 1
sp66 0 0 0 0 0 0 0 1 0 1
sp67 0 0 0 0 0 1 0 0 1 0
sp68 1 0 0 0 0 0 0 0 0 1
sp69 0 0 0 1 0 1 0 1 1 0
sp70 0 1 0 0 0 0 0 0 0 1
sp71 0 0 0 0 0 1 0 0 0 1
sp72 0 0 0 0 1 0 0 0 0 1
sp73 0 0 1 0 0 0 0 0 0 1
sp74 1 0 0 1 0 0 1 0 0 0
sp75 1 0 1 0 0 1 0 0 0 0
sp76 0 1 0 1 0 0 0 0 1 0
sp77 0 1 0 0 1 0 1 0 1 0
sp78 0 0 0 0 0 0 0 0 1 1
sp79 0 1 0 0 0 0 0 0 0 1
sp80 0 0 0 0 0 0 0 0 1 1
sp81 0 1 0 0 0 0 0 0 0 0
sp82 0 0 0 0 1 0 0 0 0 0
sp83 0 0 0 0 0 0 0 1 0 0
sp84 0 0 0 0 0 0 1 0 0 0
sp85 0 0 0 0 0 0 1 0 0 0
sp86 0 0 0 0 0 0 1 0 0 0
sp87 0 0 0 1 0 0 0 0 0 0
sp88 0 0 1 0 0 0 0 0 0 0
sp89 0 0 0 0 0 0 1 0 0 0
sp90 0 0 0 0 1 0 0 0 0 0
sp91 0 0 0 1 0 0 0 0 0 0
sp92 0 0 0 0 0 1 0 0 0 0
sp93 1 0 0 0 0 0 0 0 0 0
sp94 0 0 0 0 0 0 0 1 0 0
sp95 1 0 0 0 0 0 0 0 0 0
sp96 0 0 0 0 0 0 0 0 1 0
sp97 0 0 0 0 0 0 0 0 1 0
sp98 0 0 0 0 0 0 1 0 0 0
sp99 0 0 0 1 0 0 0 0 0 0
sp100 0 0 0 0 0 0 0 1 0 0
