100 30
sp1 1 0 1 0 0 0 1 1 1 1 1 1 0 0 0 1 0 0 1 1 0 0 0 1 1 1 0 1 0 0
sp2 1 1 0 1 1 1 0 1 0 1 0 1 1 1 1 0 1 0 0 0 0 1 0 0 1 0 1 0 0 1
sp3 0 1 1 0 1 0 1 0 0 1 0 1 0 1 0 1 1 1 0 0 1 1 1 1 0 0 0 0 1 1
sp4 1 0 1 1 1 0 0 0 0 1 0 1 0 1 0 1 0 1 1 1 1 1 0 1 0 1 1 1 0 0
sp5 0 0 1 1 1 1 1 0 1 1 1 0 0 0 0 0 1 0 0 1 0 0 1 1 1 0 0 1 0 0
sp6 0 1 0 1 0 0 1 1 1 1 1 0 0 1 0 0 0 1 1 0 1 0 1 1 0 0 0 1 1 0
sp7 1 1 0 1 1 1 1 1 0 0 1 1 1 1 1 1 0 0 1 1 1 1 1 0 1 0 0 0 0 1
sp8 0 1 0 0 0 1 0 0 0 1 1 1 0 0 0 1 0 1 1 1 0 0 1 1 0 1 1 0 1 0
sp9 1 1 0 1 1 0 1 0 1 0 0 0 1 1 0 1 1 0 0 1 0 1 0 1 1 1 0 0 0 1
sp10 0 1 1 1 1 1 1 1 0 0 0 1 1 1 0 0 1 1 0 0 1 0 1 0 1 0 0 0 0 0
sp11 1 1 0 0 1 0 0 1 1 1 0 1 1 1 1 0 0 1 0 1 1 1 0 0 1 1 0 0 1 1
sp12 0 0 0 0 1 1 0 0 0 1 1 1 1 1 1 1 0 1 1 1 0 1 0 1 1 0 0 0 0 1
sp13 1 0 1 1 1 1 0 1 1 0 0 0 1 1 1 0 0 0 1 0 0 1 0 0 1 0 0 1 1 1
sp14 0 0 1 0 0 0 1 0 1 0 0 1 1 0 1 0 1 1 1 0 0 1 1 0 0 1 1 1 0 1
sp15 0 1 1 1 0 1 0 0 0 0 1 0 0 0 0 0 1 0 1 1 0 1 1 0 0 0 1 1 1 0
sp16 0 1 0 0 1 1 1 1 1 0 0 1 1 1 1 1 0 0 0 1 0 0 0 0 1 1 1 0 1 0
sp17 1 0 0 0 0 0 0 1 0 0 1 0 1 1 1 1 1 1 0 0 1 1 1 1 1 1 1 0 1 0
sp18 1 1 1 0 0 1 0 0 0 1 1 1 0 1 1 1 1 0 1 1 1 0 1 1 0 0 0 0 0 1
sp19 1 0 0 0 0 1 1 1 1 0 0 0 1 1 1 0 0 1 1 0 1 0 1 0 1 0 1 1 1 1
sp20 1 0 0 1 1 1 1 0 1 0 0 1 1 1 0 1 1 0 1 1 1 0 0 1 0 1 0 0 1 1
sp21 1 0 1 0 1 1 1 0 1 1 0 0 0 0 1 1 0 0 1 1 1 0 1 1 0 0 1 0 1 1
sp22 0 1 0 1 0 0 1 1 0 0 0 1 0 0 1 1 1 0 1 0 1 0 1 1 1 1 1 1 0 1
sp23 1 1 0 0 1 1 1 0 1 0 1 0 0 0 0 0 1 0 0 0 0 1 0 0 1 0 1 0 1 1
sp24 0 0 1 1 1 0 0 1 1 1 0 1 1 0 0 0 1 1 0 1 1 1 1 1 0 1 0 1 0 1
sp25 1 0 1 0 1 0 0 1 1 1 1 0 1 1 0 1 0 1 0 0 0 0 0 0 1 1 0 0 0 1
sp26 0 0 1 0 0 1 1 1 1 0 1 0 1 1 1 1 1 0 1 1 1 1 0 0 0 1 0 0 0 0
sp27 1 0 1 0 1 1 1 1 0 1 1 0 1 0 0 0 1 0 1 0 0 0 1 0 0 1 1 1 0 0
sp28 1 0 0 0 0 0 0 0 1 1 1 1 1 1 0 0 0 0 1 1 0 1 0 0 1 1 1 0 1 1
sp29 0 0 0 1 1 1 1 1 1 0 0 1 0 1 1 1 1 0 0 0 1 0 1 1 1 0 1 1 0 0
sp30 0 0 1 0 1 0 1 0 1 1 1 0 1 0 0 0 0 0 0 1 1 1 0 0 1 1 1 1 0 1
sp31 1 0 1 0 1 0 1 1 0 1 0 0 1 1 1 1 1 0 0 0 0 1 1 1 1 0 1 1 1 1
sp32 1 0 0 1 1 0 1 0 0 1 0 1 0 1 0 1 1 0 1 1 0 1 1 0 0 1 1 1 1 0
sp33 0 0 0 1 0 0 1 0 1 1 1 0 1 1 0 0 1 0 0 0 1 1 1 1 0 0 0 1 0 0
sp34 0 0 0 1 0 1 1 0 1 0 0 0 1 0 1 0 0 0 0 1 0 1 0 0 0 0 0 1 0 1
sp35 0 1 0 0 1 1 1 0 0 1 0 0 0 0 1 0 1 0 1 1 0 1 1 0 0 0 0 1 1 1
sp36 1 1 1 1 0 1 1 1 0 0 1 0 0 1 1 0 1 0 1 1 0 1 0 1 1 0 0 0 1 0
sp37 1 1 0 1 0 1 0 0 0 0 0 0 1 0 1 1 1 1 1 0 0 1 1 0 0 1 0 1 0 0
sp38 0 0 1 1 1 1 0 0 0 0 0 1 1 0 1 1 1 1 1 0 0 0 1 1 0 0 0 1 0 1
sp39 1 0 0 1 1 1 1 0 1 0 1 0 1 0 0 0 1 1 1 1 1 1 0 0 0 1 1 0 1 1
sp40 1 1 0 1 0 0 1 0 0 1 0 1 1 0 0 0 0 1 1 0 0 1 0 1 1 0 1 0 1 0
sp41 1 1 1 0 1 1 0 1 1 1 1 0 1 1 1 1 0 0 1 0 0 0 0 0 0 1 1 0 1 1
sp42 1 1 0 1 0 0 1 0 1 0 1 0 1 0 1 1 0 1 1 1 1 0 0 0 0 1 0 1 1 1
sp43 1 0 1 1 0 1 0 0 1 1 0 0 0 1 0 1 0 1 1 0 0 1 1 1 1 0 0 1 0 0
sp44 1 0 0 0 1 1 1 1 1 0 1 1 0 0 1 1 1 0 0 1 0 0 0 0 0 1 1 0 1 1
sp45 1 1 1 1 1 1 1 0 1 0 0 1 0 1 0 1 0 1 1 1 0 0 0 0 1 0 0 0 0 1
sp46 0 1 0 1 0 1 0 1 1 1 1 0 1 0 0 0 1 0 1 0 0 0 1 0 1 0 1 1 1 0
sp47 0 0 1 0 0 1 1 0 0 1 0 1 1 1 1 1 1 1 1 0 1 0 1 0 1 1 0 0 1 0
sp48 0 1 1 0 1 0 0 0 0 1 1 0 1 0 0 1 1 0 0 0 1 1 1 1 0 0 1 1 0 1
sp49 0 1 0 0 0 0 0 0 1 0 1 1 0 0 0 0 1 1 0 1 1 1 0 0 1 1 1 0 0 1
sp50 1 0 0 0 1 1 0 1 1 0 0 1 0 1 1 1 0 1 0 0 0 1 1 1 1 0 1 1 0 0
sp51 0 0 1 1 1 0 1 1 0 1 0 1 0 1 0 1 0 0 0 0 0 0 0 0 0 0 1 1 0 1
sp52 1 1 0 1 1 0 0 1 0 1 1 1 0 0 0 0 1 0 1 0 1 0 0 1 0 0 0 0 0 0
sp53 1 1 0 0 0 0 1 0 1 1 1 0 1 1 0 0 0 0 0 0 0 1 0 0 0 0 1 1 1 1
sp54 1 1 0 0 0 1 0 0 0 0 0 0 0 0 0 1 1 1 0 1 0 0 1 1 1 0 1 1 1 1
sp55 0 1 0 1 0 1 0 0 0 0 1 1 1 0 0 0 1 1 0 1 0 1 1 1 0 1 0 1 1 1
sp56 0 0 1 0 1 0 0 0 0 0 0 1 1 1 1 0 1 1 0 0 1 1 1 0 1 1 1 0 0 0
sp57 0 0 1 1 1 0 0 0 0 1 0 1 1 0 0 1 1 1 0 0 1 1 1 0 0 0 0 1 0 1
sp58 0 0 1 0 0 0 1 1 1 0 0 0 1 0 0 1 1 1 0 1 0 1 1 0 0 0 0 0 1 0
sp59 0 0 1 1 1 1 0 0 1 0 1 1 0 1 1 0 1 1 1 0 1 0 0 0 0 1 1 1 0 0
sp60 1 1 1 1 0 1 0 1 0 1 1 0 0 1 1 1 0 0 1 0 0 0 0 1 0 1 1 0 0 1
sp61 0 0 1 0 1 0 0 0 1 0 1 1 1 1 0 0 0 0 1 1 0 0 1 0 0 1 0 1 1 0
sp62 0 1 1 1 0 0 1 1 1 0 1 0 0 0 0 1 0 1 1 0 1 1 0 1 1 0 0 1 1 0
sp63 1 0 0 0 0 1 1 1 0 0 1 0 0 0 0 1 0 1 0 1 1 0 0 0 0 1 1 0 0 1
sp64 0 1 1 1 0 0 0 0 1 1 1 1 0 1 0 0 1 1 0 1 1 0 0 0 0 0 1 0 0 0
sp65 1 1 1 0 1 0 0 1 1 0 0 0 1 1 1 0 0 1 0 1 1 0 0 1 1 0 0 0 1 1
sp66 0 0 0 1 0 0 1 0 0 0 1 1 0 0 1 1 1 1 0 1 0 1 0 0 1 0 0 0 1 0
sp67 1 1 1 1 1 0 0 0 1 0 1 1 0 1 0 0 0 0 0 0 1 0 1 1 1 0 0 0 0 0
sp68 0 1 1 1 1 0 1 1 0 0 0 0 1 1 0 1 0 0 0 0 1 1 1 1 1 0 1 0 1 1
sp69 0 0 0 0 0 1 1 1 0 1 1 1 0 0 1 1 0 1 1 0 0 1 0 1 0 0 1 1 0 0
sp70 0 1 0 0 1 1 0 0 0 0 0 0 1 0 1 0 0 1 0 1 1 0 1 1 0 0 0 1 0 1
sp71 1 0 0 1 0 1 1 1 0 0 1 1 1 1 0 0 1 0 1 0 1 0 1 1 1 1 0 0 1 0
sp72 0 0 1 1 0 0 0 0 0 1 1 0 0 0 0 1 0 0 1 1 0 1 0 1 1 1 1 1 0 1
sp73 0 0 0 0 1 0 1 0 1 1 1 1 1 1 1 0 0 0 1 1 1 0 0 1 0 0 1 1 1 1
sp74 1 1 0 1 0 0 0 0 0 0 0 0 0 0 1 1 0 1 1 1 0 1 1 0 1 1 0 0 1 0
sp75 1 0 0 0 1 0 1 1 1 0 0 0 0 1 0 0 0 0 1 1 1 1 0 0 1 0 1 0 1 1
sp76 1 1 0 1 0 0 1 1 0 0 0 0 0 0 1 0 0 0 0 1 1 0 0 0 0 0 0 0 0 0
sp77 0 1 1 0 0 1 0 0 0 1 1 1 0 0 1 1 0 1 1 1 1 1 0 1 0 0 0 1 0 1
sp78 0 1 1 0 0 0 0 0 1 0 1 1 1 0 1 0 1 0 1 0 1 1 1 1 0 1 1 1 1 1
sp79 0 1 1 1 1 1 1 1 1 0 1 1 0 1 0 0 0 0 0 0 1 1 0 1 0 1 0 0 1 0
sp80 1 1 0 0 0 1 1 1 0 1 0 0 1 1 0 0 0 0 0 0 0 0 1 0 1 1 1 0 1 0
sp81 0 0 1 0 0 0 0 0 1 1 1 0 0 0 0 0 0 1 0 1 1 1 0 1 0 1 1 1 1 0
sp82 0 1 1 0 1 0 0 1 0 1 0 1 1 1 0 0 0 1 1 0 1 0 1 1 1 1 0 0 0 0
sp83 1 0 0 1 1 0 0 0 1 1 0 0 0 0 1 0 0 1 0 0 0 0 1 1 1 0 1 1 1 1
sp84 0 1 1 0 0 0 1 0 1 0 0 1 0 0 0 0 0 1 1 1 0 0 0 0 1 1 1 1 0 0
sp85 1 1 1 1 1 1 0 1 0 1 0 1 0 0 0 0 1 1 1 1 1 0 0 1 1 1 1 0 1 0
sp86 1 1 0 1 0 1 0 1 1 0 1 1 0 0 1 0 0 0 0 0 0 1 0 1 1 1 0 0 1 1
sp87 0 1 1 0 0 0 0 1 0 1 0 0 0 0 0 1 1 0 0 1 0 0 1 1 1 1 1 0 0 1
sp88 0 0 0 0 0 1 1 0 0 1 1 1 1 1 1 1 1 0 1 1 1 1 1 1 1 0 0 0 0 0
sp89 0 0 0 0 0 0 1 1 1 0 0 1 0 0 1 1 1 0 0 1 0 1 1 0 0 1 0 1 0 0
sp90 1 0 0 1 0 0 0 1 1 1 0 0 0 1 1 0 0 0 0 0 1 0 1 0 1 1 1 0 1 0
sp91 1 0 0 0 1 0 0 0 1 1 1 0 1 0 1 1 1 0 1 1 0 0 1 0 1 0 0 0 0 0
sp92 1 0 1 1 1 0 1 1 0 1 1 0 0 0 1 0 0 1 0 1 1 0 0 0 0 1 1 1 0 0
sp93 0 1 0 0 0 1 1 1 0 1 0 0 0 0 1 0 1 1 0 0 0 1 0 1 0 1 0 1 0 0
sp94 1 1 1 1 0 0 1 1 0 0 1 0 1 1 0 1 0 1 0 1 0 0 0 1 1 1 0 0 1 1
sp95 1 0 0 1 1 1 0 1 0 0 0 0 1 1 0 1 1 1 0 0 1 0 0 0 0 1 1 1 1 1
sp96 0 1 0 0 1 1 0 1 0 1 1 1 1 0 1 0 0 1 1 0 0 1 0 0 0 0 1 0 0 0
sp97 1 0 1 1 1 0 0 1 0 1 1 0 1 1 1 1 0 0 0 0 1 0 1 1 1 1 0 1 1 0
sp98 0 1 1 0 0 1 0 0 0 0 0 1 0 0 1 1 1 1 1 0 0 0 1 1 0 0 0 1 0 0
sp99 0 0 1 1 0 1 0 1 1 1 0 1 0 1 1 0 1 1 0 0 1 0 0 0 0 1 0 1 1 1
sp100 1 1 1 0 0 1 0 1 1 0 0 0 0 0 1 1 1 1 0 0 1 0 1 0 0 0 1 1 1 0
