100 10
sp1 1 1 1 0 1 1 1 0 0 0
sp2 0 1 1 1 1 1 1 1 1 0
sp3 1 1 0 1 1 1 1 1 0 0
sp4 1 1 1 0 1 1 0 1 0 0
sp5 0 1 1 1 1 1 0 1 0 0
sp6 1 1 1 0 1 1 1 1 0 0
sp7 1 0 1 1 0 0 1 1 1 0
sp8 0 0 0 1 1 0 1 1 1 0
sp9 1 1 1 1 1 1 1 1 1 0
sp10 1 0 0 1 1 0 0 1 0 0
sp11 0 1 1 0 1 1 0 1 0 0
sp12 0 1 0 0 0 0 0 1 0 0
sp13 1 0 1 1 1 0 1 0 0 0
sp14 0 0 1 0 0 1 1 1 0 0
sp15 1 1 1 0 1 0 0 0 0 0
sp16 0 1 1 0 1 0 1 0 1 0
sp17 1 0 1 0 0 1 1 1 0 0
sp18 1 0 1 0 0 0 0 1 0 0
sp19 0 1 1 0 1 1 1 0 0 0
sp20 1 1 1 1 0 0 1 0 0 0
sp21 0 0 0 0 1 1 1 0 0 0
sp22 0 0 0 1 0 1 1 0 0 1
sp23 1 0 0 0 0 0 1 0 0 0
sp24 1 1 0 1 1 1 0 0 0 0
sp25 0 0 0 1 0 1 0 1 1 0
sp26 1 1 0 0 1 1 0 0 0 0
sp27 1 1 0 1 0 1 0 1 0 0
sp28 0 0 1 0 0 0 1 0 0 0
sp29 1 1 1 1 0 0 1 1 0 0
sp30 0 0 0 0 0 1 1 1 0 0
sp31 0 1 0 0 1 0 0 0 0 0
sp32 0 1 0 1 1 0 0 0 0 0
sp33 1 0 0 0 0 0 0 1 0 0
sp34 0 0 0 0 0 1 0 0 0 1
sp35 0 0 0 0 0 1 1 0 0 0
sp36 1 1 0 0 0 0 1 0 0 0
sp37 0 1 1 0 0 0 0 1 0 0
sp38 1 1 0 1 0 1 0 0 0 0
sp39 0 0 0 0 1 0 0 1 0 0
sp40 0 0 0 1 1 0 0 0 0 0
sp41 0 0 1 1 1 0 0 0 0 0
sp42 0 0 0 0 0 0 0 0 1 1
sp43 0 0 0 0 0 0 0 0 1 1
sp44 1 0 1 0 0 0 1 1 0 1
sp45 0 0 0 0 1 1 1 0 0 0
sp46 0 0 0 0 0 0 0 1 0 1
sp47 0 0 0 0 0 0 0 0 1 1
sp48 1 1 0 0 0 1 0 0 0 0
sp49 0 0 0 0 0 1 0 0 0 1
sp50 0 0 1 0 0 0 0 0 0 1
sp51 1 0 1 0 0 1 0 1 0 0
sp52 0 0 0 0 0 0 0 0 1 1
sp53 0 0 0 1 0 0 1 0 0 0
sp54 0 0 0 0 0 0 0 0 1 1
sp55 0 0 1 1 0 0 0 0 0 0
sp56 0 1 0 0 0 0 0 0 1 0
sp57 0 0 0 0 0 0 0 0 1 1
sp58 1 0 0 1 0 1 0 0 0 0
sp59 1 0 0 1 0 0 0 0 0 0
sp60 0 0 0 0 0 0 0 0 1 1
sp61 0 1 0 0 0 0 0 0 0 1
sp62 0 0 0 0 1 0 1 0 0 0
sp63 0 1 1 0 0 0 0 0 0 0
sp64 0 0 0 0 0 0 0 0 1 1
sp65 0 0 0 1 0 0 0 0 1 0
sp66 0 0 0 0 0 0 0 0 1 1
sp67 0 0 0 0 1 0 0 0 0 1
sp68 0 0 0 0 0 1 0 0 0 1
sp69 0 1 0 0 0 0 1 0 0 0
sp70 0 0 0 0 0 0 0 0 1 1
sp71 0 0 0 1 0 0 0 0 1 0
sp72 0 0 0 0 1 0 0 0 0 1
sp73 0 0 0 0 0 0 0 0 1 1
sp74 1 0 0 0 0 0 0 1 0 0
sp75 0 1 0 0 0 0 0 0 0 1
sp76 0 0 0 0 0 0 0 1 1 0
sp77 0 0 0 0 0 0 0 0 1 1
sp78 1 0 1 1 0 0 0 0 0 0
sp79 0 0 0 0 0 0 0 0 1 1
sp80 0 1 0 0 0 0 0 0 0 1
sp81 0 0 0 0 0 0 0 0 1 1
sp82 0 0 0 1 0 0 0 0 1 0
sp83 0 0 0 0 1 0 0 0 1 0
sp84 0 0 0 0 0 0 0 1 0 1
sp85 0 0 0 0 0 0 0 1 1 0
sp86 0 0 0 0 0 0 1 1 0 0
sp87 0 0 1 0 0 0 1 0 0 0
sp88 1 0 0 1 0 1 1 0 0 0
sp89 1 0 1 0 0 0 1 1 0 0
sp90 0 0 0 0 0 0 0 0 1 1
sp91 0 1 0 1 0 0 0 0 0 0
sp92 0 0 0 0 1 0 0 0 0 1
sp93 0 0 0 1 1 0 0 0 1 0
sp94 0 0 0 0 0 1 0 0 0 1
sp95 1 0 0 0 0 1 0 0 0 0
sp96 0 0 1 0 0 0 0 0 0 0
sp97 0 0 1 0 0 0 0 0 0 0
sp98 0 0 0 0 0 0 0 0 1 0
sp99 0 0 0 0 1 0 0 0 0 0
sp100 0 0 0 1 0 0 0 0 0 0
