100 30
sp1 0 0 0 1 0 0 0 0 1 0 0 0 1 1 0 1 0 0 0 0 0 1 1 0 1 0 1 0 0 0
sp2 0 0 0 1 0 0 0 0 1 0 0 0 1 0 1 1 1 0 0 0 0 0 1 0 1 1 0 0 0 0
sp3 0 0 1 0 1 0 0 0 1 1 0 0 0 0 0 1 0 0 1 0 0 0 0 1 1 0 0 1 0 0
sp4 0 0 0 0 0 0 0 0 0 1 0 1 0 0 1 0 0 0 0 1 0 1 1 1 0 0 1 0 1 0
sp5 0 1 0 1 0 1 0 0 1 0 0 1 0 0 0 1 0 0 0 1 0 0 0 1 0 0 1 0 0 0
sp6 1 0 1 0 1 1 0 0 0 0 0 1 0 0 1 0 1 1 1 0 0 0 0 0 0 0 0 0 0 0
sp7 0 0 1 0 0 1 0 0 0 1 0 0 0 1 0 1 0 0 1 0 0 1 0 0 0 1 0 1 0 0
sp8 0 0 0 1 0 0 1 0 0 0 0 1 0 1 1 1 0 0 1 0 0 0 0 0 0 0 1 0 1 0
sp9 0 1 0 0 0 1 1 0 0 1 1 0 1 0 0 0 0 1 0 0 0 0 0 0 1 0 0 0 1 0
sp10 0 1 0 1 0 1 0 0 0 0 0 0 1 0 0 0 1 0 0 1 1 1 0 0 0 0 0 0 0 1
sp11 0 0 0 0 0 0 1 0 0 0 0 0 0 1 0 0 0 1 1 0 1 0 1 1 0 0 0 1 1 0
sp12 1 0 0 0 0 0 0 1 0 1 0 0 0 0 1 1 0 1 0 0 1 1 0 0 0 0 0 1 0 0
sp13 0 0 0 0 1 0 1 0 1 1 0 0 1 0 0 0 0 1 1 0 0 0 0 0 1 0 0 0 1 0
sp14 1 0 0 0 0 0 0 1 0 0 0 1 1 1 0 0 0 0 1 0 1 0 0 1 0 0 1 0 0 0
sp15 0 0 0 0 0 0 0 0 1 0 0 1 0 1 0 1 0 0 0 1 0 1 1 0 1 0 0 0 1 0
sp16 1 0 1 0 0 0 0 0 1 1 0 0 1 0 1 0 0 0 0 1 0 0 0 0 0 0 0 1 1 0
sp17 1 0 1 1 1 1 0 0 0 0 0 0 1 1 0 0 0 0 0 1 0 0 0 0 0 0 0 1 0 0
sp18 1 0 0 1 0 0 0 1 0 0 0 1 1 0 0 0 1 0 0 1 0 0 0 0 0 1 1 0 0 0
sp19 0 0 0 0 0 1 0 0 0 0 0 0 0 1 0 1 0 0 1 0 1 1 0 0 1 1 0 0 0 1
sp20 0 0 0 0 1 0 0 0 1 1 0 1 1 1 0 0 0 0 0 0 0 0 0 0 0 1 1 0 0 1
sp21 1 0 0 0 0 1 1 0 0 0 0 0 0 0 1 0 1 0 0 1 0 0 0 0 1 1 0 0 0 1
sp22 0 1 0 0 0 0 0 0 0 0 1 1 1 1 0 1 0 0 0 0 1 0 0 0 0 1 1 0 0 0
sp23 0 0 0 1 0 0 0 0 0 1 0 1 0 0 0 0 0 0 1 1 1 1 0 0 1 0 0 1 0 0
sp24 0 0 0 0 0 1 0 1 0 0 0 1 1 0 0 0 0 0 0 0 1 1 0 1 0 0 1 0 1 0
sp25 0 0 0 0 0 1 1 1 0 1 0 0 0 1 0 0 1 0 1 1 0 0 0 0 0 0 0 1 0 0
sp26 0 0 0 0 0 0 1 0 1 0 0 1 0 1 0 0 0 1 1 1 0 0 0 0 1 0 0 0 1 0
sp27 0 0 1 1 0 0 0 0 0 1 0 0 1 0 0 0 0 0 0 0 1 1 0 0 0 0 1 1 0 1
sp28 0 0 1 0 0 0 0 1 1 0 0 1 1 0 0 0 1 0 0 0 1 0 0 0 0 0 0 1 0 1
sp29 0 0 1 0 1 0 1 0 0 0 0 0 1 0 0 0 1 0 0 0 0 0 0 0 1 1 0 0 1 1
sp30 0 0 0 0 1 0 0 1 0 1 0 0 0 1 1 0 0 1 0 1 0 1 0 0 0 1 0 0 0 0
sp31 0 0 1 0 0 0 0 0 0 1 1 1 0 0 1 1 1 0 0 0 0 0 1 0 0 0 0 0 1 0
sp32 1 1 0 0 0 1 1 0 1 1 0 0 0 0 0 1 0 0 0 1 0 0 0 0 1 0 0 0 0 0
sp33 0 1 0 0 0 0 0 0 0 0 0 0 1 0 1 0 0 0 0 0 0 1 1 0 1 1 1 1 0 0
sp34 0 1 0 0 0 1 0 1 1 0 0 0 0 0 0 1 1 0 0 0 0 0 1 1 1 0 0 0 0 0
sp35 0 0 0 1 1 0 0 0 0 1 0 0 1 0 0 0 1 0 0 0 0 1 0 1 0 0 1 0 0 1
sp36 0 0 0 0 0 0 0 1 0 0 1 1 0 0 1 1 0 1 0 0 0 1 0 0 0 1 0 0 0 1
sp37 0 0 1 0 0 0 0 1 1 0 0 1 0 0 1 1 0 1 0 0 0 0 0 0 0 1 1 0 0 0
sp38 0 0 0 0 1 0 0 0 0 0 0 0 0 1 1 0 0 0 0 1 0 0 1 1 0 1 0 1 1 0
sp39 1 0 0 1 0 0 1 0 1 0 1 0 0 0 0 0 0 0 0 0 0 1 1 0 0 1 0 0 0 1
sp40 1 0 1 0 0 1 0 1 0 0 1 1 0 0 1 1 0 0 1 0 0 0 0 0 0 0 0 0 0 0
sp41 0 1 0 0 0 1 0 0 0 0 0 1 0 1 0 1 0 0 0 0 1 0 1 0 0 0 0 1 1 0
sp42 1 1 1 0 0 0 0 0 0 1 0 0 1 0 0 0 0 0 0 0 1 0 1 0 1 1 0 0 0 0
sp43 1 0 1 0 0 0 0 0 0 0 0 1 0 0 0 0 1 0 1 0 0 0 0 1 0 1 0 0 1 1
sp44 1 0 0 0 0 0 0 1 0 0 0 1 0 0 1 0 0 0 1 0 1 0 0 0 1 0 0 1 1 0
sp45 0 0 1 0 0 1 0 1 0 0 1 0 1 0 0 1 1 0 0 0 0 1 0 0 0 1 0 0 0 0
sp46 0 1 1 0 0 0 0 0 0 0 1 0 1 1 0 0 0 0 1 0 1 0 0 0 1 0 0 0 0 1
sp47 0 0 0 0 0 0 1 0 0 1 0 0 1 0 1 0 0 0 1 1 0 1 0 1 1 0 0 0 0 0
sp48 0 1 0 0 1 0 0 0 1 0 0 0 1 0 1 1 0 0 0 0 0 0 1 1 0 0 0 1 0 0
sp49 1 0 1 1 1 0 1 0 0 0 0 0 0 0 0 0 0 0 0 0 0 1 0 0 0 1 1 0 1 0
sp50 0 0 0 0 0 0 0 0 1 0 1 0 1 1 1 1 1 0 1 0 0 0 0 0 1 0 0 0 0 0
sp51 0 0 0 0 0 0 1 1 0 1 1 0 0 0 0 0 0 1 0 0 0 1 0 1 0 1 0 0 0 1
sp52 0 0 0 0 1 0 0 1 0 1 0 1 0 0 1 1 0 0 0 0 1 1 0 0 0 0 0 0 0 1
sp53 0 0 1 1 0 0 1 0 0 1 1 1 0 0 1 0 0 0 0 0 0 1 1 0 0 0 0 0 0 0
sp54 0 0 0 1 1 0 0 0 0 1 0 0 0 0 1 0 1 0 1 0 0 0 1 0 0 0 1 0 1 0
sp55 0 0 1 0 0 0 1 0 1 0 0 1 0 0 0 0 1 0 0 1 0 0 0 0 0 1 0 1 1 0
sp56 1 0 1 0 0 0 1 1 0 0 0 0 0 0 1 0 0 1 0 0 0 0 1 1 0 0 0 0 0 1
sp57 0 1 1 0 0 1 1 0 1 0 0 0 0 0 0 1 1 1 0 0 0 0 0 0 0 1 0 0 0 0
sp58 0 0 0 0 0 1 0 1 0 1 1 0 0 0 0 0 0 0 0 1 1 0 0 0 0 0 1 1 1 0
sp59 0 0 0 0 0 1 0 0 1 0 0 0 1 0 1 0 0 0 1 0 1 0 1 0 0 1 0 0 1 0
sp60 0 1 0 0 0 0 1 0 0 0 1 1 0 1 0 0 1 0 0 1 0 0 1 0 0 0 1 0 0 0
sp61 0 0 1 1 0 1 1 1 0 0 1 0 0 0 1 0 0 0 0 0 0 0 1 0 1 0 0 0 0 0
sp62 0 0 0 1 0 0 0 0 1 0 1 0 0 0 0 0 0 0 0 1 0 1 1 0 0 0 1 1 1 0
sp63 0 0 0 0 0 1 1 0 0 0 0 1 1 0 1 1 0 0 0 1 0 0 0 0 1 0 0 0 1 0
sp64 0 0 1 1 1 1 0 0 0 0 0 1 0 0 1 1 0 0 0 0 1 0 0 0 0 0 0 0 0 1
sp65 1 0 1 0 1 0 0 0 0 1 0 0 0 0 1 0 0 1 1 1 0 0 0 0 0 0 0 0 0 1
sp66 1 1 1 1 0 0 0 1 0 0 0 0 1 0 0 0 1 0 0 0 0 0 1 0 0 0 0 1 0 0
sp67 0 0 0 1 0 1 0 1 0 0 1 0 0 0 1 0 0 0 0 0 0 0 0 0 1 1 1 1 0 0
sp68 0 0 0 1 1 1 0 0 0 0 0 1 0 0 0 0 1 1 0 0 1 0 0 1 0 0 0 0 1 0
sp69 0 0 0 1 0 1 0 0 1 0 1 1 0 0 0 0 1 1 0 0 0 0 1 0 0 0 0 1 0 0
sp70 1 0 0 0 0 0 0 0 1 0 0 0 1 1 1 0 0 0 0 0 0 0 1 1 0 0 1 1 0 0
sp71 0 0 0 1 1 0 0 0 0 1 0 0 0 0 0 0 0 1 1 0 0 0 0 1 1 0 0 1 1 0
sp72 0 1 1 0 0 1 1 0 0 1 0 0 0 0 0 0 0 0 0 1 0 0 1 0 1 0 0 0 0 1
sp73 1 0 0 0 0 0 0 1 0 0 1 1 1 0 0 0 0 0 0 1 0 0 0 0 1 1 0 0 1 0
sp74 0 1 1 0 0 0 0 0 0 0 0 0 1 0 1 1 0 0 0 0 0 1 0 1 0 1 0 1 0 0
sp75 0 0 1 0 0 1 1 0 0 0 0 1 0 0 0 0 0 0 0 1 0 0 0 0 1 1 1 0 0 1
sp76 1 0 0 0 1 1 1 0 0 0 0 0 0 1 0 1 0 0 1 0 0 0 0 1 0 0 0 0 0 1
sp77 0 0 0 0 0 1 0 0 0 0 0 1 0 0 1 0 0 0 0 1 1 1 0 0 0 1 1 0 1 0
sp78 1 0 1 0 0 0 1 1 0 0 0 0 0 0 0 1 1 0 0 0 0 1 0 0 0 0 0 0 1 1
sp79 1 0 0 1 0 0 1 0 0 1 0 0 0 0 0 0 1 0 0 1 0 0 0 1 0 0 0 0 1 1
sp80 0 0 0 0 1 0 1 1 0 0 0 0 0 0 1 0 0 1 0 0 1 1 0 0 1 0 0 0 0 1
sp81 1 0 0 0 1 0 0 0 1 0 0 0 0 0 1 0 0 1 0 1 0 0 1 0 1 0 1 0 0 0
sp82 0 0 0 0 0 1 0 1 0 0 0 0 0 0 1 0 0 1 0 1 0 0 0 1 1 0 1 0 0 1
sp83 0 0 0 0 1 0 1 0 1 0 1 0 0 0 0 0 1 1 0 1 0 0 0 1 0 0 0 1 0 0
sp84 1 0 0 1 0 0 1 0 0 0 0 1 0 1 0 0 1 1 0 0 0 0 0 0 1 0 0 0 1 0
sp85 0 0 0 0 1 1 0 0 0 1 0 0 0 1 0 0 1 1 0 0 0 0 0 1 1 0 0 0 1 0
sp86 0 0 1 1 0 0 0 1 0 0 0 1 0 0 0 1 0 1 1 0 0 0 0 1 0 0 0 0 1 0
sp87 0 1 1 0 1 0 1 1 0 0 1 0 0 0 0 0 0 0 0 0 1 1 0 0 0 1 0 0 0 0
sp88 0 0 0 1 0 0 0 1 0 1 0 1 0 1 0 0 0 0 0 0 0 1 0 0 0 0 1 0 1 1
sp89 0 1 1 0 0 0 0 0 0 0 0 1 0 0 0 1 1 0 0 1 1 0 1 0 0 0 0 0 0 1
sp90 0 1 1 0 1 0 1 0 1 0 0 0 1 0 0 0 0 1 0 0 0 0 1 0 0 0 0 0 0 1
sp91 1 0 0 0 1 1 0 1 0 0 0 0 1 0 0 0 0 0 0 0 0 0 0 0 1 0 1 1 0 1
sp92 0 0 0 1 0 0 1 0 1 0 0 0 0 1 0 1 0 0 1 0 0 0 0 0 0 0 1 0 1 1
sp93 0 0 0 1 0 0 1 0 0 0 0 0 1 1 0 1 0 0 1 0 0 0 1 0 1 0 0 1 0 0
sp94 1 0 1 0 1 1 0 0 0 1 1 0 0 0 0 0 0 0 0 0 1 0 0 0 1 0 0 0 1 0
sp95 0 1 0 1 0 1 0 1 1 0 0 0 1 0 0 0 1 0 0 0 0 0 0 0 0 0 1 0 1 0
sp96 0 1 1 1 0 0 0 0 0 1 1 0 0 0 0 0 1 1 0 0 0 0 1 0 0 0 0 0 1 0
sp97 1 0 0 0 1 0 0 1 1 0 0 0 0 0 0 0 0 0 1 1 0 0 0 0 0 1 1 0 0 1
sp98 0 0 1 0 0 1 0 1 1 0 0 0 0 0 0 0 0 0 0 0 0 1 0 0 1 0 1 1 1 0
sp99 0 0 0 1 1 0 0 0 0 0 0 0 1 0 0 0 0 0 0 1 0 0 1 1 0 1 0 0 1 1
sp100 1 0 0 0 0 1 0 0 1 0 0 0 0 0 0 1 0 1 0 0 0 0 1 1 1 0 0 1 0 0
