100 30
sp1 1 1 1 0 1 1 1 1 0 0 1 1 1 0 1 1 0 1 1 1 0 1 1 0 1 0 1 0 1 1
sp2 1 0 1 1 1 1 1 0 1 0 0 1 1 1 1 1 1 1 1 0 0 1 1 1 1 0 1 0 1 0
sp3 1 1 1 1 1 0 1 1 1 1 0 0 1 0 0 1 1 1 1 0 0 1 1 1 0 0 1 1 1 1
sp4 0 1 1 1 1 1 0 1 1 1 0 1 1 1 1 0 0 1 0 1 1 1 1 0 0 1 1 1 1 0
sp5 1 1 1 1 1 1 1 1 1 1 1 1 1 1 0 0 1 0 0 0 0 1 1 0 0 1 1 1 0 1
sp6 1 1 1 1 1 1 1 0 1 1 1 1 0 0 0 1 1 1 0 1 0 1 1 1 1 1 0 1 0 0
sp7 1 0 1 1 1 1 0 1 1 1 1 0 1 1 1 1 1 0 0 1 0 0 1 1 0 1 0 1 1 1
sp8 0 1 0 1 1 1 0 1 1 1 0 1 1 0 1 0 0 1 1 1 1 0 1 1 1 0 1 1 1 1
sp9 0 1 1 1 1 1 1 0 0 1 1 0 1 0 1 1 1 1 1 1 0 1 1 1 1 0 1 0 1 0
sp10 1 1 1 0 1 1 1 1 1 1 1 0 0 1 1 0 1 1 1 0 0 1 0 0 1 0 1 1 1 1
sp11 1 1 1 1 1 1 1 1 0 1 0 1 1 1 1 0 1 1 1 0 1 1 0 1 1 1 0 0 0 0
sp12 0 0 1 1 0 0 1 1 1 1 1 1 1 1 1 1 1 1 1 0 0 0 1 1 1 1 0 1 1 0
sp13 1 1 0 0 0 1 0 1 1 1 0 1 1 1 1 0 0 1 1 0 1 1 1 1 0 1 1 1 1 1
sp14 1 0 0 1 1 1 0 1 1 1 1 0 0 1 1 1 1 0 1 0 1 1 1 1 1 1 0 1 1 0
sp15 1 1 1 0 1 0 1 1 1 1 1 0 1 0 0 1 0 0 1 1 1 1 1 1 1 0 1 0 1 1
sp16 1 1 1 1 1 0 0 0 0 0 0 1 1 1 1 1 1 1 1 0 0 1 1 1 1 1 1 1 0 1
sp17 1 1 0 1 0 1 0 1 1 0 0 1 0 1 1 1 1 0 1 1 1 1 1 0 1 1 1 0 1 1
sp18 0 0 0 1 1 1 1 0 1 1 1 1 1 1 1 1 0 0 1 1 1 0 0 1 1 1 1 1 1 0
sp19 1 1 0 1 0 1 1 1 1 1 1 1 1 1 0 1 1 0 1 1 1 1 0 0 0 1 1 0 0 1
sp20 0 0 1 1 1 0 1 1 1 1 1 0 1 1 1 1 1 0 0 1 1 0 1 0 1 1 0 1 1 1
sp21 0 1 1 1 1 0 1 0 0 1 1 0 1 1 1 1 0 1 0 1 1 1 1 0 1 1 1 1 1 0
sp22 1 1 1 0 0 0 1 1 1 1 1 0 0 0 1 1 0 0 1 1 1 1 0 1 1 1 1 1 1 1
sp23 0 1 1 1 0 0 0 1 1 1 1 1 0 1 1 1 1 1 1 0 0 1 1 1 1 1 1 0 1 0
sp24 1 1 1 1 1 1 1 1 1 1 1 1 1 0 0 1 0 1 0 0 0 1 0 1 1 0 1 1 1 0
sp25 0 1 1 1 1 1 0 1 1 1 1 1 1 0 1 1 1 0 1 1 1 0 0 1 0 1 1 0 0 1
sp26 1 1 1 0 1 1 0 1 0 1 1 1 0 0 1 1 0 0 1 1 1 1 1 0 1 0 1 1 1 1
sp27 1 1 1 1 1 1 1 1 1 0 1 0 0 1 0 1 0 0 1 1 1 1 1 0 1 1 0 0 1 1
sp28 0 0 1 1 0 1 1 1 0 1 1 1 1 1 1 0 1 0 1 0 1 1 1 0 1 1 1 0 1 1
sp29 1 0 0 0 0 1 1 1 1 1 1 0 1 1 1 0 1 0 1 1 1 1 1 0 1 1 1 1 0 1
sp30 1 1 0 1 1 0 1 1 1 1 1 0 1 0 1 1 1 0 1 0 1 1 1 1 0 1 1 0 1 0
sp31 1 0 1 1 0 1 1 1 1 0 1 1 0 1 0 1 1 1 1 1 0 1 1 0 0 1 1 1 1 0
sp32 0 1 1 0 1 1 1 0 1 1 1 1 1 1 1 1 1 0 1 1 0 1 1 1 1 0 0 0 1 0
sp33 0 1 1 1 1 1 0 1 1 1 1 1 1 0 0 0 0 1 0 1 1 1 1 1 1 0 0 1 1 1
sp34 1 1 1 1 0 1 1 1 0 1 1 1 1 1 0 0 1 0 0 0 1 1 1 1 1 0 1 1 1 0
sp35 1 1 1 1 0 0 1 1 1 1 0 0 1 1 1 0 1 1 1 1 1 1 1 0 0 1 1 1 0 0
sp36 1 1 1 1 1 1 0 1 0 1 1 1 0 1 1 1 1 0 0 1 0 1 1 1 0 1 1 0 1 0
sp37 0 1 1 1 0 0 1 1 0 0 1 1 0 1 1 1 1 1 0 0 1 1 1 1 1 0 1 1 1 1
sp38 0 1 1 0 1 1 1 1 1 1 1 1 0 0 0 1 1 1 0 1 0 1 1 1 1 0 1 0 1 1
sp39 1 0 0 1 1 1 1 0 1 0 1 1 1 1 0 0 1 0 1 1 1 0 1 1 1 1 1 0 1 1
sp40 0 1 1 1 1 1 1 1 1 1 1 1 1 1 0 1 0 1 1 0 0 0 0 1 1 1 1 0 1 0
sp41 0 1 1 1 1 1 1 1 1 0 1 0 1 0 0 0 1 1 1 0 1 1 1 1 1 1 0 1 0 1
sp42 1 0 1 1 1 0 1 0 1 0 1 0 1 1 1 0 1 1 1 1 1 0 0 1 1 1 1 1 1 0
sp43 1 0 1 0 1 0 1 0 1 1 0 1 0 1 0 1 1 1 0 1 1 1 1 1 1 1 1 0 1 1
sp44 0 1 1 1 1 0 1 0 1 0 1 1 1 1 1 1 1 0 1 0 0 1 1 1 1 0 1 1 0 1
sp45 1 0 1 1 0 1 1 1 1 1 1 1 1 1 0 1 1 0 0 1 1 0 0 1 1 1 0 1 1 0
sp46 1 1 0 1 1 1 1 1 1 1 0 1 1 0 0 1 1 0 0 0 1 1 1 1 1 0 1 1 1 0
sp47 0 0 1 1 1 1 0 1 1 1 0 1 1 1 0 0 1 1 1 0 1 0 1 1 1 1 0 1 1 1
sp48 1 1 0 1 1 1 1 1 0 1 1 1 0 1 0 0 1 0 1 1 0 1 0 0 1 1 1 1 1 1
sp49 1 1 1 1 1 0 1 1 0 1 1 1 1 0 1 0 0 0 1 0 1 1 0 1 1 1 1 0 1 1
sp50 0 1 0 1 1 1 1 1 1 0 1 0 0 1 1 1 1 1 1 1 1 1 0 0 0 0 1 1 1 1
sp51 1 1 1 0 1 0 0 1 1 1 1 1 0 0 0 1 1 1 0 1 1 0 0 1 1 1 1 1 1 1
sp52 1 0 1 0 1 1 1 1 0 0 1 1 1 1 1 0 0 1 1 1 1 1 0 1 0 1 1 0 1 1
sp53 1 0 1 1 1 1 0 1 1 1 1 0 1 0 0 1 1 0 0 1 0 1 1 1 1 1 0 1 1 1
sp54 1 0 1 1 0 0 1 1 1 1 1 0 0 1 1 0 0 0 1 1 1 1 1 0 1 1 1 1 1 1
sp55 1 1 0 1 0 1 1 1 1 0 1 1 0 0 1 1 1 0 1 1 0 1 0 1 1 1 0 1 1 1
sp56 0 0 1 1 0 1 1 1 1 1 0 1 1 1 1 1 0 1 0 1 0 1 0 1 1 1 1 1 0 1
sp57 0 1 1 0 1 0 0 1 1 1 1 1 1 1 1 1 0 1 0 0 1 1 1 1 0 1 1 0 1 1
sp58 1 1 1 1 0 1 1 0 1 1 1 0 1 0 0 1 0 0 1 0 1 0 1 1 1 1 1 1 1 1
sp59 0 1 0 1 1 1 0 1 0 1 0 1 1 0 0 1 0 1 1 1 1 1 1 1 1 1 1 0 1 1
sp60 0 1 1 1 1 0 1 1 1 1 1 1 1 1 0 1 1 1 1 0 0 1 0 0 1 1 0 1 1 0
sp61 1 0 0 1 1 1 1 1 1 0 1 1 1 1 1 1 0 0 1 1 1 0 1 1 1 0 1 0 1 0
sp62 1 1 1 0 1 0 1 1 1 0 1 1 1 1 0 0 1 1 1 1 1 1 1 1 1 0 0 1 0 0
sp63 0 1 1 1 1 0 1 0 1 1 1 1 1 1 1 1 0 0 0 1 1 0 1 1 0 1 1 1 0 1
sp64 0 1 1 1 1 0 1 1 0 1 1 1 1 1 1 1 0 1 1 0 0 1 1 0 0 1 1 1 0 1
sp65 1 0 1 1 0 1 1 1 1 1 1 1 0 1 1 1 0 0 1 1 0 0 0 1 0 1 1 1 1 1
sp66 1 1 0 1 1 1 0 1 1 0 0 0 1 1 0 1 1 1 0 1 0 1 1 1 0 1 1 1 1 1
sp67 1 1 0 0 1 1 1 0 0 1 1 1 1 1 1 0 0 1 1 1 1 1 1 0 1 1 0 0 1 1
sp68 1 1 1 1 1 1 1 0 0 1 1 0 1 1 0 0 1 1 1 0 1 1 1 1 1 1 0 0 1 0
sp69 1 0 1 1 1 1 1 0 1 1 1 1 0 1 1 1 1 1 1 0 1 0 0 0 1 1 0 1 0 1
sp70 1 1 1 1 0 1 1 0 0 1 1 0 0 0 1 1 1 0 0 1 1 1 1 1 1 1 0 1 1 1
sp71 0 0 1 0 1 0 1 0 1 1 1 1 0 1 0 1 1 1 0 1 1 0 1 1 1 1 1 1 1 1
sp72 0 0 0 1 0 1 1 1 0 1 0 1 1 1 1 1 1 1 0 1 1 1 1 0 1 1 1 1 0 1
sp73 0 1 1 0 1 0 1 1 0 1 1 0 0 1 0 1 1 1 1 0 1 1 1 1 1 1 1 1 0 1
sp74 1 1 0 1 1 1 1 1 1 1 0 0 1 1 0 1 0 1 0 1 1 1 1 1 1 0 0 0 1 1
sp75 1 1 0 0 1 0 1 1 1 1 1 0 1 0 1 0 1 1 0 0 1 1 1 1 1 1 0 1 1 1
sp76 0 0 1 1 0 0 1 1 1 1 0 1 1 1 0 1 0 1 1 1 0 1 1 1 1 1 1 1 1 0
sp77 1 1 1 0 1 1 1 0 1 1 1 0 1 1 1 1 0 1 0 1 0 1 1 0 1 1 1 0 0 1
sp78 0 1 0 1 1 1 1 0 0 1 1 1 1 0 1 1 1 0 1 1 0 1 0 1 1 1 1 0 1 1
sp79 1 1 1 1 0 1 0 1 1 0 1 1 1 1 1 1 0 1 1 1 1 0 0 1 1 1 0 0 1 0
sp80 1 0 1 1 1 1 0 0 1 1 1 1 1 1 1 0 0 1 1 1 0 0 1 1 1 0 1 1 1 0
sp81 1 0 1 1 1 0 1 0 0 1 1 1 1 1 1 1 0 1 0 1 1 0 1 0 1 1 0 1 1 1
sp82 1 1 1 1 0 1 1 0 1 1 1 0 1 1 1 1 0 1 0 1 0 1 0 0 0 1 1 1 1 1
sp83 1 1 1 1 1 0 1 1 0 1 1 1 0 1 1 1 1 0 1 1 1 1 1 0 1 0 0 0 0 1
sp84 1 1 1 1 1 0 1 0 0 1 1 1 1 1 1 1 0 1 1 1 1 0 0 0 1 1 0 1 1 0
sp85 1 1 0 0 1 1 0 1 1 1 1 1 0 1 1 1 1 0 1 1 0 1 1 0 1 1 1 0 0 1
sp86 1 1 1 1 0 1 0 0 1 1 1 1 1 0 0 1 1 1 0 1 1 0 1 0 1 1 1 1 1 0
sp87 1 1 1 1 0 1 0 0 1 1 1 0 1 1 1 1 1 1 1 0 0 1 0 1 1 0 1 1 0 1
sp88 1 1 1 1 1 0 0 1 1 1 1 1 0 1 1 1 1 1 0 0 0 1 1 1 1 1 1 0 0 0
sp89 1 1 1 0 1 0 1 0 1 1 0 0 0 1 1 0 1 0 1 1 1 1 1 1 1 0 1 1 1 1
sp90 1 1 1 0 1 1 1 1 1 1 0 1 1 0 0 1 0 1 0 1 1 1 0 1 1 1 1 0 1 0
sp91 1 1 1 1 1 1 0 1 1 1 1 0 0 1 1 1 1 1 0 1 1 0 0 1 1 1 0 0 1 0
sp92 1 0 0 1 1 1 0 0 1 0 1 1 1 1 1 1 1 1 1 1 1 1 0 0 1 1 0 1 0 1
sp93 1 1 1 0 0 0 1 1 0 1 1 1 0 1 1 1 1 1 0 1 1 1 0 1 1 1 1 0 1 0
sp94 1 1 1 1 1 1 1 1 1 0 0 0 1 0 0 1 1 1 0 1 0 1 0 0 1 1 1 1 1 1
sp95 1 0 1 1 0 1 1 0 1 1 0 0 0 1 1 1 1 1 1 1 1 1 1 0 1 1 0 1 0 1
sp96 1 1 1 0 0 0 1 1 1 1 1 1 1 1 0 1 1 1 1 0 1 1 1 1 0 0 1 0 0 1
sp97 1 1 0 1 1 1 1 1 1 0 1 0 1 1 0 1 1 1 1 1 1 0 0 0 1 0 0 1 1 1
sp98 0 1 1 0 1 1 1 1 0 0 1 1 1 1 0 1 0 1 0 1 1 1 1 1 0 1 1 0 1 1
sp99 1 1 1 1 1 1 0 1 1 1 1 1 1 0 1 0 0 1 1 1 0 1 1 0 1 1 1 0 0 0
sp100 1 1 1 1 0 1 1 1 1 1 1 1 1 1 1 0 1 1 0 0 1 1 0 1 0 0 0 1 1 0
